"time"	"h"	"uh"	"Period"
0	10192	0	1
1	10184	0	1
2	10175	0	1
3	10155	0	1
4	10150	0	1
6	10139	0	1
8	10139	0	1
9	10133	0	1
10	10133	0	1
11	10133	0	1
12	10128	0	1
13	10128	0	1
19	10128	0	1
23	10128	0	1
24	10125	0	1
25	10122	0	1
27	10117	0	1
28	10111	0	1
29	10108	0	1
30	10108	0	1
31	10106	0	1
47	10100	0	1
48	10095	0	1
49	10089	0	1
50	10084	0	1
51	10084	0	1
52	10081	0	1
53	10075	0	1
67	10067	0	1
68	10067	0	1
69	10067	0	1
76	10067	0	1
77	10061	0	1
78	10058	0	1
79	10052	0	1
80	10050	0	1
81	10050	0	1
82	10050	0	1
83	10050	0	1
93	10050	0	1
94	10050	0	1
100	10050	0	1
101	10044	0	1
102	10039	0	1
0	10367	0	2
1	10333	0	2
2	10325	0	2
3	10317	0	2
4	10317	0	2
5	10292	0	2
6	10275	0	2
26	10267	0	2
27	10250	0	2
28	10233	0	2
32	10217	0	2
33	10200	0	2
34	10192	0	2
35	10175	0	2
36	10167	0	2
37	10158	0	2
38	10150	0	2
39	10150	0	2
59	10150	0	2
62	10150	0	2
63	10150	0	2
64	10150	0	2
65	10150	0	2
66	10141	0	2
67	10141	0	2
68	10133	0	2
69	10133	0	2
70	10125	0	2
71	10117	0	2
72	10117	0	2
73	10117	0	2
74	10117	0	2
75	10108	0	2
76	10108	0	2
77	10108	0	2
78	10100	0	2
79	10100	0	2
80	10100	0	2
81	10100	0	2
82	10100	0	2
83	10092	0	2
84	10092	0	2
88	10092	0	2
89	10092	0	2
96	10092	0	2
97	10084	0	2
98	10084	0	2
99	10075	0	2
100	10075	0	2
111	10075	0	2
112	10067	0	2
113	10067	0	2
119	10067	0	2
120	10058	0	2
121	10058	0	2
122	10050	0	2
123	10041	0	2
124	10041	0	2
143	10041	0	2
179	10041	0	2
180	10041	0	2
181	10033	0	2
182	10033	0	2
183	10033	0	2
184	10025	0	2
185	10025	0	2
186	10017	0	2
187	10017	0	2
188	10017	0	2
189	10017	0	2
190	10008	0	2
191	10008	0	2
240	10008	0	2
241	10008	0	2
242	10000	0	2
243	10000	0	2
244	9994	0	2
245	9989	0	2
246	9983	0	2
247	9978	0	2
248	9978	0	2
249	9978	0	2
250	9975	0	2
251	9975	0	2
252	9975	0	2
253	9975	0	2
254	9975	0	2
255	9975	0	2
0	10133	0	3
1	10125	0	3
2	10108	0	3
3	10100	0	3
4	10100	0	3
5	10092	0	3
6	10084	0	3
7	10084	0	3
8	10075	0	3
9	10075	0	3
10	10067	0	3
11	10067	0	3
38	10067	0	3
39	10067	0	3
40	10067	0	3
41	10058	0	3
42	10058	0	3
43	10058	0	3
44	10058	0	3
45	10058	0	3
46	10058	0	3
47	10058	0	3
48	10050	0	3
49	10050	0	3
50	10050	0	3
64	10050	0	3
65	10050	0	3
66	10041	0	3
67	10041	0	3
75	10041	0	3
76	10033	0	3
77	10033	0	3
86	10033	0	3
96	10033	0	3
97	10033	0	3
98	10025	0	3
99	10025	0	3
102	10025	0	3
0	10092	0	4
1	10084	0	4
2	10075	0	4
3	10067	0	4
8	10067	0	4
9	10058	0	4
10	10050	0	4
11	10050	0	4
12	10041	0	4
13	10041	0	4
14	10041	0	4
15	10033	0	4
16	10033	0	4
34	10033	0	4
37	10033	0	4
38	10033	0	4
39	10033	0	4
40	10033	0	4
41	10025	0	4
0	10208	0	5
1	10184	0	5
2	10184	0	5
3	10184	0	5
39	10184	0	5
40	10184	0	5
41	10184	0	5
44	10175	0	5
45	10167	0	5
46	10150	0	5
47	10141	0	5
48	10141	0	5
50	10125	0	5
51	10125	0	5
52	10117	0	5
53	10108	0	5
54	10100	0	5
82	10100	0	5
83	10100	0	5
84	10092	0	5
85	10092	0	5
86	10084	0	5
87	10075	0	5
88	10075	0	5
90	10075	0	5
91	10067	0	5
92	10058	0	5
93	10058	0	5
94	10050	0	5
0	10225	0	6
1	10200	0	6
2	10184	0	6
3	10167	0	6
4	10150	0	6
5	10133	0	6
6	10125	0	6
7	10108	0	6
8	10108	0	6
9	10100	0	6
10	10100	0	6
11	10092	0	6
12	10092	0	6
25	10092	0	6
26	10084	0	6
27	10084	0	6
28	10075	0	6
30	10075	0	6
31	10075	0	6
32	10075	0	6
33	10075	0	6
34	10075	0	6
50	10075	0	6
51	10075	0	6
52	10075	0	6
53	10067	0	6
54	10058	0	6
55	10058	0	6
56	10050	0	6
57	10050	0	6
58	10050	0	6
59	10041	0	6
60	10041	0	6
61	10041	0	6
62	10041	0	6
63	10041	0	6
64	10041	0	6
86	10041	0	6
87	10033	0	6
96	10033	0	6
97	10025	0	6
98	10025	0	6
0	10067	0	7
1	10067	0	7
2	10067	0	7
3	10067	0	7
4	10058	0	7
5	10050	0	7
6	10050	0	7
7	10050	0	7
8	10050	0	7
9	10041	0	7
10	10041	0	7
16	10041	0	7
22	10041	0	7
27	10041	0	7
44	10041	0	7
45	10041	0	7
46	10041	0	7
47	10041	0	7
48	10041	0	7
49	10041	0	7
50	10041	0	7
51	10041	0	7
52	10041	0	7
53	10041	0	7
54	10041	0	7
55	10041	0	7
56	10041	0	7
57	10041	0	7
58	10041	0	7
59	10041	0	7
60	10041	0	7
61	10041	0	7
62	10041	0	7
63	10041	0	7
0	10350	0	8
1	10308	0	8
2	10275	0	8
3	10250	0	8
4	10217	0	8
5	10192	0	8
6	10175	0	8
7	10158	0	8
8	10150	0	8
9	10150	0	8
46	10150	0	8
72	10141	0	8
73	10133	0	8
74	10117	0	8
76	10117	0	8
77	10117	0	8
78	10117	0	8
79	10117	0	8
103	10117	0	8
111	10117	0	8
112	10108	0	8
113	10108	0	8
116	10108	0	8
117	10108	0	8
118	10108	0	8
124	10108	0	8
125	10100	0	8
126	10092	0	8
127	10092	0	8
128	10092	0	8
129	10084	0	8
132	10084	0	8
133	10084	0	8
134	10084	0	8
137	10084	0	8
138	10084	0	8
139	10084	0	8
140	10084	0	8
141	10075	0	8
142	10075	0	8
143	10075	0	8
144	10075	0	8
145	10075	0	8
146	10075	0	8
147	10067	0	8
148	10067	0	8
149	10067	0	8
150	10067	0	8
151	10067	0	8
152	10058	0	8
153	10058	0	8
154	10050	0	8
155	10050	0	8
156	10050	0	8
157	10050	0	8
158	10050	0	8
0	10484	0	9
1	10425	0	9
5	10425	0	9
6	10392	0	9
7	10367	0	9
8	10341	0	9
9	10308	0	9
10	10284	0	9
11	10275	0	9
12	10267	0	9
13	10241	0	9
14	10225	0	9
15	10217	0	9
37	10211	0	9
38	10206	0	9
39	10184	0	9
40	10175	0	9
41	10158	0	9
42	10150	0	9
43	10141	0	9
44	10141	0	9
45	10133	0	9
46	10133	0	9
47	10133	0	9
63	10133	0	9
64	10125	0	9
65	10117	0	9
66	10108	0	9
67	10100	0	9
68	10092	0	9
69	10084	0	9
70	10084	0	9
71	10075	0	9
72	10067	0	9
73	10067	0	9
74	10067	0	9
81	10067	0	9
82	10067	0	9
83	10058	0	9
84	10050	0	9
85	10050	0	9
86	10050	0	9
87	10041	0	9
88	10041	0	9
89	10041	0	9
90	10041	0	9
91	10041	0	9
92	10033	0	9
114	10033	0	9
136	10033	0	9
137	10033	0	9
138	10033	0	9
139	10025	0	9
140	10025	0	9
167	10025	0	9
168	10017	0	9
169	10017	0	9
0	10108	0	10
1	10100	0	10
2	10092	0	10
5	10092	0	10
11	10092	0	10
12	10092	0	10
13	10092	0	10
14	10084	0	10
15	10084	0	10
16	10084	0	10
20	10084	0	10
21	10084	0	10
22	10075	0	10
23	10075	0	10
24	10067	0	10
25	10067	0	10
26	10067	0	10
27	10064	0	10
28	10064	0	10
31	10061	0	10
36	10058	0	10
44	10050	0	10
45	10041	0	10
46	10041	0	10
47	10041	0	10
61	10041	0	10
85	10041	0	10
87	10041	0	10
88	10041	0	10
89	10041	0	10
108	10041	0	10
110	10041	0	10
120	10041	0	10
121	10041	0	10
122	10033	0	10
123	10033	0	10
124	10025	0	10
125	10025	0	10
126	10025	0	10
0	10117	0	11
1	10108	0	11
2	10108	0	11
3	10092	0	11
4	10084	0	11
5	10084	0	11
8	10075	0	11
9	10075	0	11
10	10075	0	11
11	10075	0	11
13	10075	0	11
14	10075	0	11
33	10075	0	11
34	10075	0	11
35	10075	0	11
36	10075	0	11
37	10067	0	11
38	10067	0	11
39	10067	0	11
40	10058	0	11
41	10058	0	11
42	10058	0	11
43	10058	0	11
48	10058	0	11
51	10058	0	11
52	10058	0	11
53	10050	0	11
54	10050	0	11
58	10050	0	11
59	10050	0	11
63	10050	0	11
64	10050	0	11
65	10050	0	11
66	10050	0	11
69	10050	0	11
0	10325	0	12
1	10267	0	12
22	10267	0	12
23	10258	0	12
24	10250	0	12
27	10241	0	12
28	10225	0	12
29	10217	0	12
30	10217	0	12
31	10208	0	12
35	10208	0	12
36	10200	0	12
37	10175	0	12
38	10175	0	12
39	10175	0	12
40	10167	0	12
41	10158	0	12
42	10158	0	12
43	10150	0	12
0	10392	0	13
1	10367	0	13
2	10350	0	13
3	10350	0	13
6	10350	0	13
12	10317	0	13
13	10308	0	13
14	10292	0	13
15	10267	0	13
16	10233	0	13
17	10225	0	13
18	10208	0	13
19	10208	0	13
21	10208	0	13
23	10158	0	13
45	10158	0	13
46	10150	0	13
47	10141	0	13
48	10133	0	13
49	10133	0	13
50	10133	0	13
51	10133	0	13
52	10133	0	13
56	10133	0	13
57	10125	0	13
58	10117	0	13
59	10117	0	13
60	10117	0	13
61	10117	0	13
62	10108	0	13
63	10108	0	13
67	10108	0	13
68	10100	0	13
69	10100	0	13
70	10092	0	13
71	10092	0	13
72	10092	0	13
73	10092	0	13
74	10092	0	13
75	10084	0	13
76	10084	0	13
77	10084	0	13
87	10084	0	13
88	10084	0	13
89	10084	0	13
90	10075	0	13
91	10075	0	13
92	10075	0	13
93	10075	0	13
94	10075	0	13
100	10075	0	13
101	10075	0	13
106	10075	0	13
107	10067	0	13
109	10067	0	13
110	10058	0	13
111	10058	0	13
112	10058	0	13
113	10041	0	13
114	10041	0	13
117	10041	0	13
121	10041	0	13
122	10041	0	13
123	10041	0	13
124	10041	0	13
125	10041	0	13
126	10041	0	13
127	10041	0	13
128	10041	0	13
129	10033	0	13
130	10033	0	13
131	10025	0	13
132	10025	0	13
133	10025	0	13
0	10292	0	14
1	10275	0	14
2	10267	0	14
3	10250	0	14
4	10233	0	14
5	10233	0	14
6	10225	0	14
7	10225	0	14
8	10208	0	14
9	10184	0	14
10	10167	0	14
11	10158	0	14
12	10150	0	14
13	10141	0	14
14	10141	0	14
15	10133	0	14
16	10133	0	14
17	10133	0	14
18	10125	0	14
19	10117	0	14
20	10108	0	14
21	10100	0	14
48	10100	0	14
49	10100	0	14
50	10092	0	14
51	10092	0	14
52	10084	0	14
53	10084	0	14
54	10084	0	14
60	10084	0	14
61	10084	0	14
66	10084	0	14
67	10075	0	14
68	10075	0	14
69	10075	0	14
70	10075	0	14
71	10075	0	14
72	10075	0	14
73	10067	0	14
87	10067	0	14
88	10067	0	14
0	10141	0	15
1	10125	0	15
2	10117	0	15
3	10117	0	15
4	10117	0	15
5	10108	0	15
6	10108	0	15
8	10100	0	15
9	10075	0	15
11	10075	0	15
12	10067	0	15
13	10067	0	15
21	10067	0	15
22	10067	0	15
65	10067	0	15
66	10058	0	15
67	10058	0	15
71	10058	0	15
72	10058	0	15
73	10058	0	15
74	10058	0	15
80	10058	0	15
81	10050	0	15
82	10050	0	15
0	10484	0	16
1	10417	0	16
2	10367	0	16
3	10333	0	16
5	10333	0	16
6	10317	0	16
10	10308	0	16
11	10275	0	16
12	10250	0	16
13	10217	0	16
14	10200	0	16
15	10194	0	16
16	10158	0	16
17	10141	0	16
18	10125	0	16
19	10117	0	16
20	10108	0	16
21	10100	0	16
22	10100	0	16
23	10092	0	16
24	10092	0	16
25	10084	0	16
26	10084	0	16
27	10084	0	16
28	10075	0	16
29	10075	0	16
30	10075	0	16
31	10074	0	16
32	10074	0	16
33	10074	0	16
34	10074	0	16
35	10074	0	16
36	10074	0	16
37	10074	0	16
38	10074	0	16
39	10074	0	16
40	10074	0	16
41	10074	0	16
42	10074	0	16
43	10074	0	16
44	10074	0	16
45	10074	0	16
46	10074	0	16
47	10074	0	16
48	10074	0	16
49	10074	0	16
50	10074	0	16
51	10074	0	16
52	10074	0	16
53	10074	0	16
54	10074	0	16
55	10074	0	16
56	10074	0	16
57	10074	0	16
58	10074	0	16
59	10074	0	16
60	10074	0	16
61	10074	0	16
62	10074	0	16
63	10074	0	16
64	10074	0	16
65	10074	0	16
66	10074	0	16
67	10074	0	16
68	10074	0	16
69	10074	0	16
70	10074	0	16
71	10074	0	16
72	10074	0	16
73	10074	0	16
74	10074	0	16
75	10074	0	16
76	10074	0	16
77	10074	0	16
89	10074	0	16
90	10066	0	16
91	10066	0	16
125	10066	0	16
126	10066	0	16
127	10066	0	16
0	10082	0	17
1	10074	0	17
2	10074	0	17
3	10066	0	17
4	10066	0	17
7	10066	0	17
8	10066	0	17
9	10058	0	17
10	10058	0	17
11	10058	0	17
12	10058	0	17
13	10050	0	17
14	10050	0	17
15	10050	0	17
16	10050	0	17
17	10042	0	17
18	10042	0	17
19	10033	0	17
20	10033	0	17
21	10033	0	17
22	10033	0	17
23	10033	0	17
24	10033	0	17
25	10033	0	17
26	10033	0	17
27	10033	0	17
28	10033	0	17
29	10033	0	17
30	10033	0	17
31	10025	0	17
32	10025	0	17
33	10025	0	17
67	10025	0	17
68	10025	0	17
69	10016	0	17
70	10016	0	17
73	10016	0	17
74	10016	0	17
75	10016	0	17
76	10016	0	17
77	10016	0	17
78	10016	0	17
79	10016	0	17
80	10008	0	17
81	10008	0	17
82	10008	0	17
83	10008	0	17
84	10008	0	17
87	10008	0	17
100	10008	0	17
101	10008	0	17
102	10008	0	17
103	10000	0	17
104	10000	0	17
105	9997	0	17
106	9995	0	17
107	9992	0	17
108	9990	0	17
109	9986	0	17
110	9984	0	17
111	9981	0	17
112	9981	0	17
113	9981	0	17
114	9981	0	17
0	10066	0	18
1	10058	0	18
2	10058	0	18
12	10050	0	18
13	10042	0	18
14	10033	0	18
15	10025	0	18
16	10025	0	18
17	10016	0	18
18	10008	0	18
28	10008	0	18
29	10008	0	18
30	10008	0	18
31	10000	0	18
32	10000	0	18
33	10000	0	18
34	10000	0	18
35	10000	0	18
36	10000	0	18
37	9995	0	18
0	10316	0	19
2	10308	0	19
3	10266	0	19
5	10266	0	19
6	10250	0	19
7	10242	0	19
8	10233	0	19
19	10233	0	19
20	10225	0	19
21	10200	0	19
22	10182	0	19
23	10166	0	19
24	10150	0	19
25	10133	0	19
26	10133	0	19
27	10133	0	19
28	10133	0	19
29	10125	0	19
30	10125	0	19
64	10125	0	19
65	10116	0	19
66	10108	0	19
67	10100	0	19
74	10100	0	19
75	10092	0	19
93	10092	0	19
94	10092	0	19
97	10092	0	19
98	10092	0	19
99	10082	0	19
100	10074	0	19
101	10074	0	19
102	10074	0	19
107	10074	0	19
113	10074	0	19
114	10074	0	19
115	10074	0	19
116	10074	0	19
119	10074	0	19
120	10066	0	19
121	10058	0	19
122	10058	0	19
123	10050	0	19
124	10050	0	19
125	10042	0	19
126	10042	0	19
127	10042	0	19
128	10042	0	19
131	10042	0	19
132	10033	0	19
149	10033	0	19
150	10033	0	19
151	10033	0	19
152	10033	0	19
188	10033	0	19
189	10033	0	19
190	10025	0	19
191	10025	0	19
192	10016	0	19
193	10016	0	19
194	10016	0	19
0	10374	0	20
1	10308	0	20
20	10292	0	20
21	10266	0	20
22	10242	0	20
27	10238	0	20
28	10233	0	20
33	10225	0	20
35	10200	0	20
36	10182	0	20
37	10166	0	20
38	10150	0	20
39	10133	0	20
40	10116	0	20
41	10108	0	20
42	10100	0	20
43	10092	0	20
44	10092	0	20
45	10082	0	20
46	10082	0	20
47	10074	0	20
48	10074	0	20
49	10066	0	20
50	10058	0	20
51	10058	0	20
52	10058	0	20
53	10050	0	20
54	10050	0	20
55	10050	0	20
56	10042	0	20
57	10042	0	20
58	10042	0	20
59	10042	0	20
60	10033	0	20
61	10033	0	20
62	10033	0	20
63	10033	0	20
64	10033	0	20
65	10033	0	20
66	10033	0	20
70	10033	0	20
71	10033	0	20
72	10033	0	20
73	10025	0	20
74	10025	0	20
75	10025	0	20
76	10025	0	20
77	10025	0	20
78	10016	0	20
79	10016	0	20
80	10016	0	20
81	10016	0	20
82	10016	0	20
83	10016	0	20
84	10008	0	20
85	10008	0	20
86	10008	0	20
87	10000	0	20
88	10000	0	20
89	10000	0	20
90	10000	0	20
91	10000	0	20
92	9991	0	20
93	9991	0	20
94	9991	0	20
107	9991	0	20
108	9991	0	20
109	9991	0	20
110	9990	0	20
111	9990	0	20
112	9990	0	20
113	9984	0	20
114	9984	0	20
115	9984	0	20
120	9984	0	20
0	10240	0	21
1	10235	0	21
2	10230	0	21
3	10200	0	21
4	10175	0	21
5	10155	0	21
6	10140	0	21
7	10130	0	21
30	10128	0	21
31	10120	0	21
32	10115	0	21
33	10110	0	21
34	10110	0	21
36	10110	0	21
37	10100	0	21
38	10095	0	21
39	10095	0	21
40	10095	0	21
41	10085	0	21
42	10080	0	21
43	10072	0	21
44	10065	0	21
45	10065	0	21
58	10065	0	21
71	10060	0	21
80	10060	0	21
81	10060	0	21
82	10060	0	21
83	10060	0	21
109	10055	0	21
0	10370	0	22
1	10300	0	22
2	10295	0	22
3	10260	0	22
4	10250	0	22
10	10250	0	22
11	10240	0	22
12	10230	0	22
13	10230	0	22
14	10230	0	22
15	10220	0	22
18	10220	0	22
19	10170	0	22
20	10160	0	22
21	10140	0	22
22	10135	0	22
23	10135	0	22
43	10135	0	22
44	10130	0	22
45	10125	0	22
46	10125	0	22
55	10120	0	22
56	10110	0	22
57	10105	0	22
85	10100	0	22
86	10095	0	22
123	10095	0	22
124	10095	0	22
125	10085	0	22
126	10085	0	22
127	10070	0	22
128	10070	0	22
129	10070	0	22
130	10070	0	22
131	10065	0	22
132	10063	0	22
133	10060	0	22
134	10060	0	22
135	10060	0	22
136	10060	0	22
137	10055	0	22
138	10050	0	22
139	10050	0	22
140	10048	0	22
141	10045	0	22
142	10045	0	22
143	10045	0	22
144	10045	0	22
145	10040	0	22
146	10040	0	22
147	10040	0	22
148	10040	0	22
149	10040	0	22
150	10040	0	22
151	10040	0	22
167	10040	0	22
168	10030	0	22
169	10030	0	22
170	10030	0	22
171	10030	0	22
172	10025	0	22
0	10333	0	23
1	10315	0	23
2	10300	0	23
5	10295	0	23
6	10266	0	23
7	10260	0	23
8	10255	0	23
9	10240	0	23
10	10220	0	23
11	10215	0	23
43	10200	0	23
44	10180	0	23
45	10160	0	23
46	10140	0	23
47	10125	0	23
48	10115	0	23
49	10105	0	23
60	10100	0	23
61	10100	0	23
62	10095	0	23
63	10090	0	23
72	10090	0	23
85	10085	0	23
86	10065	0	23
87	10055	0	23
88	10040	0	23
89	10035	0	23
90	10035	0	23
0	10295	0	24
1	10218	0	24
2	10200	0	24
3	10180	0	24
18	10180	0	24
19	10165	0	24
20	10160	0	24
21	10135	0	24
22	10135	0	24
29	10135	0	24
30	10130	0	24
31	10130	0	24
32	10130	0	24
55	10130	0	24
56	10130	0	24
59	10130	0	24
60	10120	0	24
61	10120	0	24
62	10105	0	24
63	10100	0	24
64	10095	0	24
74	10090	0	24
75	10090	0	24
105	10090	0	24
106	10090	0	24
107	10090	0	24
108	10085	0	24
109	10085	0	24
110	10080	0	24
111	10075	0	24
112	10075	0	24
113	10075	0	24
114	10070	0	24
141	10070	0	24
142	10065	0	24
143	10065	0	24
144	10065	0	24
146	10065	0	24
147	10060	0	24
148	10050	0	24
149	10040	0	24
150	10035	0	24
151	10035	0	24
152	10030	0	24
153	10030	0	24
154	10025	0	24
155	10025	0	24
156	10020	0	24
157	10020	0	24
158	10020	0	24
159	10020	0	24
160	10015	0	24
161	10015	0	24
162	10010	0	24
163	10010	0	24
164	10010	0	24
165	10010	0	24
166	10005	0	24
167	10005	0	24
168	10000	0	24
169	10000	0	24
170	10000	0	24
171	10000	0	24
172	10000	0	24
174	10000	0	24
175	10000	0	24
0	10290	0	25
1	10290	0	25
2	10280	0	25
3	10240	0	25
4	10200	0	25
6	10200	0	25
22	10200	0	25
26	10200	0	25
27	10195	0	25
28	10190	0	25
30	10180	0	25
31	10175	0	25
32	10175	0	25
33	10160	0	25
34	10150	0	25
42	10150	0	25
43	10150	0	25
44	10140	0	25
49	10140	0	25
50	10135	0	25
51	10125	0	25
52	10120	0	25
53	10115	0	25
54	10115	0	25
55	10115	0	25
56	10110	0	25
57	10110	0	25
58	10110	0	25
59	10110	0	25
60	10110	0	25
61	10110	0	25
62	10110	0	25
63	10105	0	25
64	10095	0	25
65	10085	0	25
66	10080	0	25
67	10075	0	25
68	10070	0	25
69	10060	0	25
70	10060	0	25
71	10060	0	25
73	10060	0	25
74	10055	0	25
75	10045	0	25
76	10040	0	25
77	10040	0	25
0	10066	0	26
37	10066	0	26
39	10066	0	26
40	10064	0	26
46	10064	0	26
47	10062	0	26
48	10056	0	26
49	10054	0	26
50	10049	0	26
51	10039	0	26
52	10036	0	26
0	10366	0	27
1	10317	0	27
2	10266	0	27
3	10244	0	27
4	10238	0	27
5	10226	0	27
6	10216	0	27
7	10207	0	27
8	10200	0	27
9	10191	0	27
10	10191	0	27
11	10191	0	27
17	10175	0	27
18	10160	0	27
20	10154	0	27
21	10151	0	27
23	10149	0	27
25	10148	0	27
46	10133	0	27
47	10120	0	27
48	10113	0	27
49	10103	0	27
50	10101	0	27
51	10100	0	27
96	10095	0	27
97	10086	0	27
98	10086	0	27
102	10080	0	27
103	10078	0	27
106	10078	0	27
107	10078	0	27
112	10078	0	27
113	10074	0	27
114	10071	0	27
119	10070	0	27
120	10070	0	27
122	10070	0	27
126	10069	0	27
127	10068	0	27
128	10066	0	27
143	10066	0	27
145	10058	0	27
0	10265	0	28
1	10243	0	28
2	10230	0	28
3	10215	0	28
4	10205	0	28
5	10197	0	28
6	10192	0	28
7	10188	0	28
8	10177	0	28
9	10166	0	28
10	10166	0	28
32	10163	0	28
33	10163	0	28
34	10160	0	28
46	10152	0	28
47	10142	0	28
48	10135	0	28
52	10135	0	28
55	10126	0	28
56	10123	0	28
91	10116	0	28
92	10112	0	28
98	10112	0	28
101	10108	0	28
102	10105	0	28
103	10102	0	28
104	10100	0	28
105	10094	0	28
106	10091	0	28
110	10084	0	28
111	10083	0	28
112	10080	0	28
137	10080	0	28
138	10078	0	28
150	10078	0	28
151	10070	0	28
152	10068	0	28
153	10065	0	28
154	10063	0	28
160	10063	0	28
161	10053	0	28
163	10052	0	28
167	10048	0	28
168	10044	0	28
169	10041	0	28
0	10338	0	29
1	10299	0	29
5	10292	0	29
6	10281	0	29
27	10266	0	29
28	10256	0	29
29	10245	0	29
30	10226	0	29
31	10200	0	29
37	10199	0	29
38	10196	0	29
39	10194	0	29
43	10185	0	29
80	10176	0	29
81	10160	0	29
82	10155	0	29
83	10150	0	29
84	10143	0	29
94	10140	0	29
95	10135	0	29
98	10131	0	29
99	10118	0	29
100	10110	0	29
101	10100	0	29
102	10098	0	29
103	10092	0	29
104	10090	0	29
105	10085	0	29
106	10085	0	29
107	10083	0	29
108	10080	0	29
109	10080	0	29
116	10080	0	29
117	10071	0	29
118	10064	0	29
119	10060	0	29
120	10058	0	29
121	10051	0	29
122	10048	0	29
123	10045	0	29
124	10045	0	29
125	10040	0	29
126	10035	0	29
127	10032	0	29
128	10030	0	29
129	10030	0	29
132	10029	0	29
133	10028	0	29
134	10027	0	29
0	10110	0	30
1	10100	0	30
2	10095	0	30
23	10095	0	30
24	10095	0	30
25	10094	0	30
27	10090	0	30
28	10087	0	30
29	10079	0	30
30	10076	0	30
31	10070	0	30
32	10068	0	30
33	10065	0	30
34	10065	0	30
35	10064	0	30
36	10055	0	30
68	10055	0	30
69	10050	0	30
70	10042	0	30
0	10385	0	31
1	10320	0	31
2	10298	0	31
3	10285	0	31
4	10280	0	31
5	10275	0	31
6	10265	0	31
9	10265	0	31
12	10255	0	31
13	10245	0	31
14	10245	0	31
22	10242	0	31
23	10215	0	31
24	10200	0	31
25	10180	0	31
47	10158	0	31
48	10140	0	31
49	10135	0	31
50	10128	0	31
51	10122	0	31
52	10115	0	31
53	10110	0	31
54	10100	0	31
61	10100	0	31
62	10098	0	31
63	10098	0	31
64	10095	0	31
0	10118	0	32
3	10115	0	32
4	10115	0	32
6	10112	0	32
7	10105	0	32
8	10095	0	32
45	10092	0	32
46	10088	0	32
49	10080	0	32
50	10075	0	32
51	10072	0	32
52	10070	0	32
53	10065	0	32
0	10290	0	33
1	10248	0	33
2	10245	0	33
25	10235	0	33
26	10225	0	33
27	10210	0	33
28	10200	0	33
29	10185	0	33
30	10175	0	33
31	10175	0	33
32	10165	0	33
33	10155	0	33
0	10447	0	34
1	10382	0	34
2	10330	0	34
7	10330	0	34
8	10315	0	34
9	10300	0	34
10	10277	0	34
11	10265	0	34
12	10245	0	34
13	10230	0	34
14	10220	0	34
15	10210	0	34
16	10205	0	34
17	10192	0	34
18	10180	0	34
19	10180	0	34
50	10180	0	34
51	10180	0	34
52	10170	0	34
53	10170	0	34
54	10165	0	34
56	10165	0	34
57	10150	0	34
58	10150	0	34
64	10148	0	34
65	10143	0	34
66	10140	0	34
67	10135	0	34
68	10132	0	34
69	10130	0	34
70	10130	0	34
71	10122	0	34
72	10118	0	34
73	10118	0	34
74	10115	0	34
75	10113	0	34
78	10110	0	34
79	10110	0	34
85	10110	0	34
86	10105	0	34
87	10100	0	34
88	10098	0	34
89	10096	0	34
120	10095	0	34
121	10085	0	34
122	10080	0	34
0	10530	0	35
1	10460	0	35
2	10420	0	35
3	10393	0	35
4	10358	0	35
5	10338	0	35
6	10320	0	35
7	10298	0	35
8	10275	0	35
9	10245	0	35
10	10225	0	35
11	10200	0	35
12	10180	0	35
13	10180	0	35
49	10178	0	35
50	10160	0	35
51	10140	0	35
52	10135	0	35
54	10127	0	35
55	10125	0	35
56	10118	0	35
57	10110	0	35
58	10105	0	35
59	10104	0	35
60	10100	0	35
81	10100	0	35
82	10100	0	35
87	10100	0	35
0	10562	0	36
1	10490	0	36
2	10448	0	36
4	10430	0	36
5	10385	0	36
6	10365	0	36
7	10345	0	36
8	10329	0	36
9	10315	0	36
10	10310	0	36
11	10300	0	36
12	10294	0	36
13	10270	0	36
14	10260	0	36
15	10250	0	36
16	10223	0	36
17	10200	0	36
18	10190	0	36
19	10180	0	36
20	10180	0	36
22	10180	0	36
23	10180	0	36
24	10172	0	36
25	10172	0	36
42	10170	0	36
82	10170	0	36
83	10160	0	36
84	10160	0	36
85	10148	0	36
86	10140	0	36
87	10135	0	36
88	10131	0	36
89	10130	0	36
90	10125	0	36
91	10125	0	36
95	10124	0	36
96	10118	0	36
97	10113	0	36
98	10110	0	36
99	10110	0	36
100	10108	0	36
101	10107	0	36
102	10105	0	36
103	10100	0	36
104	10095	0	36
108	10095	0	36
109	10090	0	36
110	10090	0	36
111	10085	0	36
112	10085	0	36
113	10085	0	36
114	10085	0	36
115	10085	0	36
116	10085	0	36
124	10085	0	36
125	10082	0	36
126	10080	0	36
129	10080	0	36
130	10076	0	36
131	10075	0	36
132	10072	0	36
133	10070	0	36
134	10070	0	36
135	10070	0	36
136	10070	0	36
137	10070	0	36
138	10070	0	36
139	10070	0	36
140	10068	0	36
149	10043	0	36
150	10043	0	36
151	10040	0	36
152	10040	0	36
153	10035	0	36
0	10219	0	37
9	10202	0	37
10	10195	0	37
11	10178	0	37
12	10169	0	37
13	10159	0	37
14	10154	0	37
15	10141	0	37
16	10130	0	37
17	10125	0	37
18	10115	0	37
19	10102	0	37
20	10095	0	37
21	10095	0	37
22	10093	0	37
23	10087	0	37
24	10087	0	37
25	10085	0	37
31	10080	0	37
32	10075	0	37
33	10070	0	37
34	10067	0	37
35	10064	0	37
36	10058	0	37
37	10052	0	37
39	10050	0	37
40	10045	0	37
52	10042	0	37
68	10042	0	37
69	10035	0	37
70	10030	0	37
71	10026	0	37
72	10022	0	37
73	10020	0	37
74	10019	0	37
75	10017	0	37
76	10015	0	37
77	10013	0	37
78	10012	0	37
79	10010	0	37
99	10007	0	37
100	10006	0	37
101	10005	0	37
0	10240	0	38
1	10220	0	38
23	10215	0	38
24	10205	0	38
25	10200	0	38
26	10190	0	38
27	10170	0	38
28	10160	0	38
29	10145	0	38
30	10135	0	38
31	10125	0	38
32	10118	0	38
33	10110	0	38
35	10110	0	38
36	10110	0	38
37	10110	0	38
38	10105	0	38
39	10105	0	38
41	10105	0	38
42	10105	0	38
43	10105	0	38
44	10090	0	38
45	10087	0	38
46	10080	0	38
47	10075	0	38
48	10070	0	38
49	10065	0	38
50	10053	0	38
51	10048	0	38
52	10045	0	38
54	10045	0	38
55	10036	0	38
56	10036	0	38
57	10030	0	38
59	10030	0	38
60	10030	0	38
61	10030	0	38
0	10175	0	39
1	10170	0	39
2	10168	0	39
3	10165	0	39
4	10154	0	39
5	10150	0	39
6	10135	0	39
7	10130	0	39
8	10130	0	39
9	10125	0	39
12	10116	0	39
13	10106	0	39
14	10096	0	39
15	10090	0	39
16	10088	0	39
17	10085	0	39
23	10080	0	39
25	10075	0	39
26	10070	0	39
69	10065	0	39
70	10060	0	39
71	10055	0	39
72	10046	0	39
75	10040	0	39
76	10036	0	39
77	10030	0	39
78	10030	0	39
79	10028	0	39
82	10022	0	39
83	10020	0	39
0	10285	0	40
1	10265	0	40
2	10255	0	40
9	10245	0	40
10	10240	0	40
12	10237	0	40
13	10231	0	40
14	10224	0	40
15	10215	0	40
16	10205	0	40
17	10190	0	40
18	10185	0	40
19	10184	0	40
20	10181	0	40
58	10180	0	40
59	10174	0	40
60	10170	0	40
68	10165	0	40
69	10165	0	40
80	10165	0	40
81	10165	0	40
82	10165	0	40
84	10160	0	40
85	10155	0	40
86	10148	0	40
87	10130	0	40
93	10120	0	40
94	10120	0	40
95	10120	0	40
107	10110	0	40
108	10110	0	40
109	10107	0	40
0	10350	0	41
1	10285	0	41
2	10277	0	41
3	10267	0	41
4	10230	0	41
5	10215	0	41
10	10205	0	41
11	10200	0	41
12	10190	0	41
18	10190	0	41
19	10172	0	41
20	10155	0	41
21	10140	0	41
22	10125	0	41
23	10110	0	41
24	10105	0	41
25	10100	0	41
34	10100	0	41
35	10100	0	41
41	10090	0	41
42	10090	0	41
43	10085	0	41
44	10080	0	41
45	10070	0	41
46	10065	0	41
47	10055	0	41
48	10050	0	41
49	10045	0	41
50	10045	0	41
51	10040	0	41
52	10040	0	41
53	10040	0	41
77	10040	0	41
78	10032	0	41
79	10030	0	41
80	10030	0	41
81	10025	0	41
82	10020	0	41
83	10012	0	41
84	10008	0	41
85	10008	0	41
86	10002	0	41
87	10000	0	41
88	9995	0	41
89	9990	0	41
90	9990	0	41
91	9990	0	41
92	9990	0	41
93	9987	0	41
94	9984	0	41
0	10385	0	42
1	10335	0	42
5	10325	0	42
22	10320	0	42
23	10295	0	42
24	10285	0	42
25	10265	0	42
26	10255	0	42
27	10235	0	42
28	10225	0	42
41	10220	0	42
42	10205	0	42
43	10200	0	42
45	10200	0	42
47	10200	0	42
48	10180	0	42
49	10170	0	42
50	10165	0	42
51	10160	0	42
86	10160	0	42
88	10160	0	42
89	10140	0	42
90	10135	0	42
91	10130	0	42
92	10125	0	42
93	10120	0	42
94	10110	0	42
95	10105	0	42
96	10095	0	42
97	10090	0	42
98	10085	0	42
99	10080	0	42
100	10078	0	42
101	10075	0	42
102	10075	0	42
103	10070	0	42
104	10070	0	42
0	10337	0	43
3	10333	0	43
4	10310	0	43
5	10295	0	43
6	10263	0	43
7	10263	0	43
11	10260	0	43
12	10250	0	43
13	10238	0	43
14	10235	0	43
31	10225	0	43
36	10225	0	43
37	10225	0	43
38	10225	0	43
39	10225	0	43
40	10220	0	43
41	10220	0	43
42	10210	0	43
43	10200	0	43
44	10200	0	43
45	10190	0	43
46	10185	0	43
47	10185	0	43
48	10185	0	43
50	10180	0	43
51	10175	0	43
52	10170	0	43
59	10170	0	43
60	10160	0	43
61	10155	0	43
62	10145	0	43
63	10140	0	43
64	10135	0	43
66	10135	0	43
70	10135	0	43
71	10130	0	43
74	10130	0	43
109	10125	0	43
110	10110	0	43
111	10110	0	43
112	10110	0	43
0	10220	0	44
1	10200	0	44
2	10200	0	44
3	10180	0	44
4	10170	0	44
5	10155	0	44
9	10155	0	44
10	10147	0	44
11	10145	0	44
12	10142	0	44
13	10140	0	44
14	10135	0	44
15	10125	0	44
16	10120	0	44
17	10120	0	44
18	10110	0	44
21	10110	0	44
23	10110	0	44
24	10090	0	44
26	10090	0	44
29	10090	0	44
33	10090	0	44
34	10088	0	44
35	10080	0	44
36	10080	0	44
37	10077	0	44
38	10075	0	44
40	10070	0	44
41	10070	0	44
42	10070	0	44
43	10070	0	44
44	10070	0	44
45	10070	0	44
46	10070	0	44
47	10067	0	44
48	10065	0	44
49	10060	0	44
50	10050	0	44
56	10050	0	44
57	10045	0	44
58	10045	0	44
59	10045	0	44
60	10040	0	44
62	10040	0	44
63	10040	0	44
64	10040	0	44
0	10350	0	45
1	10320	0	45
2	10270	0	45
3	10260	0	45
37	10255	0	45
38	10240	0	45
39	10235	0	45
40	10225	0	45
57	10220	0	45
58	10205	0	45
59	10193	0	45
60	10180	0	45
61	10170	0	45
62	10166	0	45
81	10163	0	45
82	10160	0	45
83	10155	0	45
84	10152	0	45
0	10285	0	46
1	10270	0	46
2	10270	0	46
3	10240	0	46
4	10225	0	46
5	10225	0	46
6	10220	0	46
7	10218	0	46
8	10215	0	46
22	10205	0	46
30	10200	0	46
31	10200	0	46
32	10190	0	46
33	10180	0	46
34	10180	0	46
38	10175	0	46
39	10170	0	46
40	10165	0	46
41	10165	0	46
42	10160	0	46
43	10160	0	46
44	10160	0	46
49	10160	0	46
50	10153	0	46
51	10150	0	46
52	10150	0	46
53	10145	0	46
54	10140	0	46
55	10140	0	46
56	10137	0	46
57	10133	0	46
58	10130	0	46
59	10125	0	46
60	10125	0	46
61	10125	0	46
62	10125	0	46
63	10120	0	46
64	10120	0	46
65	10120	0	46
66	10120	0	46
67	10115	0	46
72	10115	0	46
95	10115	0	46
96	10105	0	46
97	10100	0	46
98	10100	0	46
99	10100	0	46
100	10100	0	46
0	10280	0	47
1	10235	0	47
8	10230	0	47
9	10220	0	47
10	10220	0	47
29	10220	0	47
30	10205	0	47
31	10200	0	47
32	10175	0	47
33	10170	0	47
34	10170	0	47
36	10170	0	47
0	10130	0	48
1	10130	0	48
2	10130	0	48
3	10130	0	48
6	10130	0	48
7	10130	0	48
8	10125	0	48
9	10120	0	48
10	10120	0	48
11	10110	0	48
12	10110	0	48
13	10105	0	48
14	10100	0	48
15	10100	0	48
16	10100	0	48
17	10097	0	48
18	10097	0	48
23	10095	0	48
27	10095	0	48
28	10095	0	48
29	10090	0	48
30	10090	0	48
31	10090	0	48
32	10090	0	48
33	10090	0	48
0	10300	0	49
1	10220	0	49
2	10180	0	49
3	10130	0	49
5	10125	0	49
6	10115	0	49
7	10110	0	49
8	10110	0	49
11	10110	0	49
12	10110	0	49
13	10103	0	49
14	10095	0	49
15	10090	0	49
17	10080	0	49
18	10070	0	49
19	10070	0	49
20	10065	0	49
21	10065	0	49
22	10060	0	49
23	10060	0	49
32	10060	0	49
33	10060	0	49
34	10060	0	49
35	10050	0	49
36	10050	0	49
37	10050	0	49
38	10050	0	49
39	10045	0	49
40	10040	0	49
41	10040	0	49
42	10035	0	49
43	10035	0	49
44	10035	0	49
45	10035	0	49
46	10030	0	49
47	10028	0	49
48	10025	0	49
49	10020	0	49
50	10018	0	49
51	10018	0	49
52	10012	0	49
53	10010	0	49
54	10010	0	49
55	10007	0	49
56	10007	0	49
57	10007	0	49
58	10007	0	49
59	10007	0	49
60	10005	0	49
61	10005	0	49
62	10005	0	49
63	10005	0	49
64	10005	0	49
65	10005	0	49
66	10005	0	49
67	10005	0	49
68	10005	0	49
69	10005	0	49
0	10300	0	50
1	10250	0	50
2	10208	0	50
3	10180	0	50
4	10160	0	50
5	10148	0	50
8	10140	0	50
9	10130	0	50
10	10120	0	50
55	10120	0	50
56	10120	0	50
57	10110	0	50
59	10110	0	50
100	10110	0	50
101	10110	0	50
102	10110	0	50
103	10110	0	50
104	10110	0	50
105	10110	0	50
106	10110	0	50
107	10105	0	50
108	10105	0	50
109	10105	0	50
110	10100	0	50
111	10090	0	50
112	10090	0	50
113	10080	0	50
114	10080	0	50
115	10080	0	50
116	10080	0	50
117	10080	0	50
118	10075	0	50
119	10065	0	50
120	10060	0	50
121	10060	0	50
122	10060	0	50
123	10055	0	50
124	10055	0	50
125	10055	0	50
131	10055	0	50
132	10050	0	50
133	10050	0	50
134	10050	0	50
0	10310	0	51
1	10285	0	51
3	10282	0	51
4	10280	0	51
6	10260	0	51
7	10245	0	51
8	10237	0	51
9	10212	0	51
10	10180	0	51
11	10166	0	51
12	10155	0	51
44	10155	0	51
45	10155	0	51
46	10145	0	51
47	10145	0	51
48	10140	0	51
50	10140	0	51
52	10140	0	51
53	10135	0	51
66	10130	0	51
67	10126	0	51
68	10120	0	51
70	10120	0	51
71	10120	0	51
72	10120	0	51
73	10118	0	51
74	10115	0	51
75	10115	0	51
81	10110	0	51
82	10105	0	51
83	10100	0	51
84	10095	0	51
99	10095	0	51
100	10090	0	51
101	10090	0	51
102	10086	0	51
103	10085	0	51
104	10080	0	51
105	10080	0	51
106	10075	0	51
107	10075	0	51
108	10075	0	51
109	10075	0	51
117	10075	0	51
118	10075	0	51
119	10070	0	51
120	10060	0	51
121	10060	0	51
122	10060	0	51
123	10060	0	51
124	10060	0	51
125	10058	0	51
126	10050	0	51
127	10045	0	51
128	10040	0	51
144	10040	0	51
0	10228	0	52
6	10215	0	52
7	10200	0	52
8	10190	0	52
20	10180	0	52
21	10170	0	52
22	10163	0	52
23	10158	0	52
26	10155	0	52
27	10155	0	52
28	10153	0	52
32	10140	0	52
33	10135	0	52
34	10130	0	52
40	10126	0	52
41	10122	0	52
42	10120	0	52
43	10115	0	52
44	10115	0	52
45	10110	0	52
46	10105	0	52
47	10100	0	52
0	10135	0	53
4	10130	0	53
5	10130	0	53
31	10130	0	53
32	10125	0	53
33	10124	0	53
34	10122	0	53
36	10118	0	53
37	10112	0	53
38	10111	0	53
39	10108	0	53
40	10108	0	53
41	10108	0	53
42	10108	0	53
43	10108	0	53
44	10107	0	53
45	10107	0	53
46	10107	0	53
48	10105	0	53
49	10102	0	53
50	10100	0	53
51	10098	0	53
52	10098	0	53
53	10095	0	53
54	10088	0	53
55	10083	0	53
56	10081	0	53
57	10080	0	53
58	10075	0	53
59	10070	0	53
60	10067	0	53
61	10065	0	53
67	10065	0	53
68	10062	0	53
69	10060	0	53
70	10060	0	53
80	10058	0	53
81	10055	0	53
82	10051	0	53
83	10050	0	53
84	10048	0	53
85	10045	0	53
100	10045	0	53
101	10045	0	53
102	10040	0	53
109	10037	0	53
110	10032	0	53
111	10030	0	53
112	10027	0	53
113	10027	0	53
114	10027	0	53
115	10027	0	53
119	10025	0	53
0	10077	0	54
2	10075	0	54
3	10070	0	54
4	10065	0	54
6	10060	0	54
7	10058	0	54
8	10052	0	54
9	10052	0	54
10	10048	0	54
49	10042	0	54
50	10042	0	54
51	10042	0	54
55	10042	0	54
57	10041	0	54
58	10040	0	54
59	10038	0	54
60	10037	0	54
0	10260	0	55
1	10210	0	55
2	10178	0	55
3	10160	0	55
4	10148	0	55
5	10141	0	55
20	10137	0	55
21	10132	0	55
22	10126	0	55
23	10118	0	55
24	10104	0	55
25	10100	0	55
26	10100	0	55
27	10100	0	55
28	10095	0	55
29	10090	0	55
30	10085	0	55
31	10080	0	55
32	10080	0	55
33	10077	0	55
34	10076	0	55
35	10072	0	55
36	10070	0	55
37	10063	0	55
38	10060	0	55
44	10060	0	55
45	10052	0	55
49	10048	0	55
50	10047	0	55
52	10042	0	55
61	10042	0	55
0	10437	0	56
1	10426	0	56
2	10380	0	56
6	10342	0	56
7	10300	0	56
8	10266	0	56
9	10238	0	56
10	10190	0	56
11	10186	0	56
12	10170	0	56
13	10157	0	56
14	10140	0	56
35	10135	0	56
36	10128	0	56
37	10118	0	56
38	10108	0	56
39	10100	0	56
40	10095	0	56
41	10083	0	56
42	10078	0	56
44	10075	0	56
45	10070	0	56
46	10063	0	56
47	10060	0	56
71	10059	0	56
72	10050	0	56
87	10047	0	56
88	10045	0	56
89	10043	0	56
90	10041	0	56
91	10030	0	56
92	10028	0	56
93	10025	0	56
94	10022	0	56
95	10020	0	56
96	10018	0	56
97	10012	0	56
98	10010	0	56
99	10008	0	56
101	10008	0	56
102	10004	0	56
103	10002	0	56
0	10290	0	57
1	10227	0	57
2	10198	0	57
3	10174	0	57
4	10170	0	57
16	10160	0	57
17	10145	0	57
18	10128	0	57
19	10110	0	57
20	10100	0	57
31	10100	0	57
32	10090	0	57
33	10090	0	57
44	10088	0	57
45	10080	0	57
46	10080	0	57
47	10080	0	57
51	10080	0	57
52	10070	0	57
54	10070	0	57
55	10065	0	57
56	10059	0	57
57	10055	0	57
59	10055	0	57
60	10050	0	57
61	10050	0	57
62	10050	0	57
0	10290	0	58
1	10270	0	58
5	10265	0	58
6	10235	0	58
7	10200	0	58
8	10180	0	58
9	10164	0	58
10	10150	0	58
11	10140	0	58
12	10128	0	58
13	10120	0	58
14	10112	0	58
15	10108	0	58
16	10105	0	58
17	10105	0	58
18	10100	0	58
19	10095	0	58
20	10090	0	58
21	10088	0	58
22	10085	0	58
23	10083	0	58
24	10076	0	58
25	10072	0	58
26	10068	0	58
27	10065	0	58
28	10060	0	58
39	10056	0	58
42	10056	0	58
46	10055	0	58
47	10050	0	58
53	10050	0	58
56	10047	0	58
57	10047	0	58
59	10045	0	58
60	10045	0	58
61	10040	0	58
62	10037	0	58
63	10034	0	58
64	10034	0	58
65	10028	0	58
66	10026	0	58
79	10026	0	58
80	10024	0	58
107	10022	0	58
108	10020	0	58
109	10010	0	58
110	10010	0	58
111	10010	0	58
112	10010	0	58
115	10007	0	58
116	10002	0	58
0	10225	0	59
17	10220	0	59
18	10200	0	59
19	10195	0	59
20	10155	0	59
22	10145	0	59
24	10125	0	59
25	10120	0	59
26	10110	0	59
34	10108	0	59
48	10106	0	59
49	10095	0	59
50	10086	0	59
51	10080	0	59
52	10076	0	59
61	10076	0	59
62	10060	0	59
63	10057	0	59
0	10100	0	60
4	10100	0	60
5	10100	0	60
11	10100	0	60
14	10095	0	60
15	10080	0	60
16	10070	0	60
17	10070	0	60
18	10070	0	60
19	10070	0	60
20	10070	0	60
21	10070	0	60
22	10070	0	60
23	10060	0	60
24	10055	0	60
25	10055	0	60
26	10054	0	60
27	10050	0	60
28	10046	0	60
29	10044	0	60
30	10040	0	60
31	10040	0	60
32	10040	0	60
33	10040	0	60
34	10040	0	60
35	10040	0	60
36	10040	0	60
38	10034	0	60
39	10030	0	60
40	10030	0	60
41	10028	0	60
42	10020	0	60
43	10020	0	60
45	10020	0	60
46	10017	0	60
0	10353	0	61
1	10325	0	61
2	10308	0	61
9	10295	0	61
10	10295	0	61
28	10292	0	61
29	10278	0	61
30	10270	0	61
31	10270	0	61
33	10268	0	61
34	10260	0	61
35	10248	0	61
39	10248	0	61
40	10230	0	61
71	10200	0	61
72	10200	0	61
94	10180	0	61
95	10170	0	61
96	10170	0	61
115	10160	0	61
116	10150	0	61
117	10150	0	61
118	10146	0	61
123	10144	0	61
124	10142	0	61
125	10139	0	61
126	10132	0	61
127	10125	0	61
128	10122	0	61
129	10120	0	61
134	10120	0	61
135	10115	0	61
136	10108	0	61
137	10105	0	61
143	10105	0	61
144	10100	0	61
145	10098	0	61
146	10093	0	61
147	10090	0	61
148	10090	0	61
149	10090	0	61
150	10090	0	61
151	10090	0	61
152	10090	0	61
153	10090	0	61
154	10088	0	61
155	10083	0	61
156	10082	0	61
157	10082	0	61
158	10082	0	61
159	10082	0	61
170	10080	0	61
171	10080	0	61
172	10080	0	61
174	10080	0	61
175	10075	0	61
176	10075	0	61
177	10072	0	61
178	10070	0	61
179	10070	0	61
180	10069	0	61
181	10068	0	61
182	10068	0	61
183	10066	0	61
184	10065	0	61
198	10065	0	61
199	10063	0	61
200	10063	0	61
201	10060	0	61
202	10056	0	61
203	10056	0	61
0	10292	0	62
2	10265	0	62
3	10250	0	62
4	10210	0	62
5	10185	0	62
6	10170	0	62
7	10153	0	62
8	10140	0	62
9	10135	0	62
16	10132	0	62
17	10120	0	62
18	10110	0	62
19	10100	0	62
20	10082	0	62
22	10080	0	62
23	10078	0	62
24	10075	0	62
25	10070	0	62
26	10068	0	62
38	10065	0	62
39	10060	0	62
40	10055	0	62
41	10052	0	62
42	10051	0	62
43	10050	0	62
44	10050	0	62
49	10050	0	62
50	10050	0	62
51	10050	0	62
52	10050	0	62
53	10050	0	62
54	10040	0	62
75	10040	0	62
90	10035	0	62
125	10033	0	62
126	10033	0	62
127	10031	0	62
128	10028	0	62
129	10028	0	62
130	10028	0	62
131	10028	0	62
0	10262	0	63
1	10260	0	63
2	10246	0	63
3	10230	0	63
7	10227	0	63
8	10207	0	63
9	10198	0	63
10	10172	0	63
12	10172	0	63
13	10170	0	63
15	10168	0	63
16	10157	0	63
22	10155	0	63
23	10145	0	63
24	10138	0	63
29	10130	0	63
30	10130	0	63
32	10130	0	63
33	10122	0	63
34	10110	0	63
35	10102	0	63
36	10100	0	63
37	10095	0	63
38	10090	0	63
56	10088	0	63
57	10080	0	63
58	10075	0	63
59	10072	0	63
60	10072	0	63
61	10072	0	63
63	10070	0	63
64	10062	0	63
0	10212	0	64
2	10200	0	64
10	10200	0	64
11	10190	0	64
18	10185	0	64
19	10175	0	64
20	10172	0	64
21	10168	0	64
22	10156	0	64
23	10155	0	64
24	10152	0	64
25	10140	0	64
26	10132	0	64
38	10132	0	64
39	10125	0	64
40	10125	0	64
41	10125	0	64
42	10120	0	64
43	10112	0	64
44	10108	0	64
45	10102	0	64
46	10100	0	64
47	10095	0	64
48	10094	0	64
60	10092	0	64
61	10090	0	64
62	10090	0	64
63	10086	0	64
64	10085	0	64
65	10085	0	64
66	10082	0	64
67	10082	0	64
73	10080	0	64
84	10075	0	64
88	10075	0	64
89	10070	0	64
90	10065	0	64
93	10065	0	64
94	10065	0	64
95	10060	0	64
96	10060	0	64
97	10055	0	64
98	10055	0	64
99	10055	0	64
100	10054	0	64
101	10054	0	64
103	10054	0	64
104	10052	0	64
105	10052	0	64
106	10052	0	64
123	10052	0	64
124	10052	0	64
137	10052	0	64
138	10050	0	64
139	10048	0	64
140	10045	0	64
141	10043	0	64
142	10043	0	64
143	10040	0	64
144	10038	0	64
145	10038	0	64
146	10035	0	64
147	10035	0	64
148	10034	0	64
149	10032	0	64
150	10030	0	64
151	10030	0	64
152	10030	0	64
161	10030	0	64
162	10025	0	64
163	10025	0	64
164	10022	0	64
165	10021	0	64
166	10020	0	64
167	10018	0	64
168	10017	0	64
169	10016	0	64
0	10048	0	65
1	10045	0	65
2	10040	0	65
3	10032	0	65
4	10030	0	65
5	10030	0	65
6	10027	0	65
7	10025	0	65
8	10025	0	65
10	10025	0	65
27	10025	0	65
28	10025	0	65
29	10025	0	65
30	10020	0	65
31	10020	0	65
32	10020	0	65
33	10020	0	65
34	10020	0	65
35	10018	0	65
36	10018	0	65
37	10010	0	65
38	10010	0	65
39	10005	0	65
40	10003	0	65
41	10000	0	65
42	10000	0	65
43	10000	0	65
44	10000	0	65
45	10000	0	65
0	10135	0	66
1	10120	0	66
4	10112	0	66
5	10100	0	66
6	10095	0	66
8	10095	0	66
9	10095	0	66
10	10090	0	66
11	10085	0	66
15	10085	0	66
16	10085	0	66
17	10085	0	66
18	10080	0	66
19	10080	0	66
21	10080	0	66
22	10075	0	66
23	10072	0	66
24	10072	0	66
27	10065	0	66
28	10062	0	66
29	10060	0	66
30	10060	0	66
31	10060	0	66
33	10060	0	66
34	10060	0	66
46	10060	0	66
0	10210	0	67
1	10168	0	67
2	10156	0	67
13	10155	0	67
14	10135	0	67
15	10115	0	67
16	10100	0	67
21	10092	0	67
22	10090	0	67
58	10082	0	67
59	10080	0	67
60	10075	0	67
61	10075	0	67
62	10072	0	67
63	10070	0	67
64	10070	0	67
67	10070	0	67
0	10475	0	68
3	10422	0	68
4	10398	0	68
5	10373	0	68
6	10368	0	68
12	10365	0	68
13	10336	0	68
14	10322	0	68
15	10312	0	68
16	10303	0	68
17	10300	0	68
21	10287	0	68
22	10278	0	68
23	10268	0	68
24	10257	0	68
25	10245	0	68
26	10245	0	68
27	10235	0	68
28	10218	0	68
29	10212	0	68
34	10211	0	68
35	10195	0	68
36	10185	0	68
37	10170	0	68
38	10160	0	68
39	10152	0	68
40	10142	0	68
41	10133	0	68
42	10130	0	68
47	10128	0	68
48	10125	0	68
52	10123	0	68
53	10112	0	68
54	10108	0	68
59	10108	0	68
61	10107	0	68
62	10105	0	68
87	10102	0	68
88	10100	0	68
89	10100	0	68
90	10092	0	68
93	10090	0	68
94	10085	0	68
95	10083	0	68
96	10081	0	68
97	10078	0	68
98	10075	0	68
99	10070	0	68
100	10070	0	68
101	10070	0	68
102	10070	0	68
103	10070	0	68
104	10070	0	68
105	10070	0	68
106	10067	0	68
107	10065	0	68
108	10062	0	68
109	10060	0	68
110	10057	0	68
111	10055	0	68
112	10053	0	68
113	10052	0	68
114	10050	0	68
115	10050	0	68
120	10050	0	68
121	10048	0	68
122	10045	0	68
123	10040	0	68
124	10040	0	68
125	10040	0	68
126	10036	0	68
127	10032	0	68
0	10055	0	69
1	10054	0	69
4	10051	0	69
13	10050	0	69
14	10048	0	69
15	10045	0	69
36	10042	0	69
37	10039	0	69
38	10035	0	69
39	10032	0	69
40	10030	0	69
41	10026	0	69
42	10024	0	69
43	10021	0	69
0	10135	0	70
2	10115	0	70
3	10100	0	70
19	10100	0	70
20	10097	0	70
23	10090	0	70
24	10071	0	70
25	10069	0	70
26	10068	0	70
27	10062	0	70
28	10050	0	70
29	10039	0	70
30	10038	0	70
31	10029	0	70
32	10025	0	70
33	10020	0	70
34	10020	0	70
35	10018	0	70
36	10015	0	70
37	10015	0	70
38	10015	0	70
0	10298	0	71
1	10285	0	71
2	10270	0	71
3	10205	0	71
4	10190	0	71
5	10175	0	71
6	10167	0	71
7	10150	0	71
8	10137	0	71
9	10130	0	71
10	10128	0	71
11	10125	0	71
12	10118	0	71
13	10115	0	71
14	10110	0	71
15	10100	0	71
60	10096	0	71
62	10090	0	71
63	10090	0	71
64	10082	0	71
65	10078	0	71
66	10078	0	71
68	10075	0	71
70	10073	0	71
71	10070	0	71
75	10070	0	71
76	10065	0	71
79	10060	0	71
80	10058	0	71
81	10058	0	71
90	10058	0	71
120	10058	0	71
121	10047	0	71
124	10035	0	71
125	10032	0	71
126	10030	0	71
127	10027	0	71
128	10024	0	71
129	10020	0	71
130	10018	0	71
131	10015	0	71
132	10012	0	71
133	10008	0	71
134	10006	0	71
135	10003	0	71
136	10000	0	71
137	9999	0	71
138	9999	0	71
139	9997	0	71
0	10455	0	72
1	10395	0	72
6	10380	0	72
7	10376	0	72
11	10375	0	72
15	10365	0	72
16	10343	0	72
17	10335	0	72
18	10320	0	72
19	10305	0	72
20	10302	0	72
21	10288	0	72
22	10275	0	72
23	10260	0	72
24	10238	0	72
25	10235	0	72
26	10225	0	72
27	10223	0	72
60	10214	0	72
61	10203	0	72
73	10190	0	72
74	10190	0	72
120	10187	0	72
121	10180	0	72
122	10180	0	72
125	10180	0	72
126	10168	0	72
127	10163	0	72
128	10158	0	72
129	10158	0	72
133	10155	0	72
134	10147	0	72
135	10146	0	72
137	10140	0	72
138	10138	0	72
141	10138	0	72
142	10130	0	72
143	10129	0	72
144	10128	0	72
145	10123	0	72
149	10120	0	72
154	10120	0	72
156	10120	0	72
177	10120	0	72
190	10120	0	72
191	10112	0	72
192	10105	0	72
193	10100	0	72
211	10096	0	72
212	10095	0	72
213	10092	0	72
214	10087	0	72
215	10084	0	72
216	10077	0	72
217	10075	0	72
218	10072	0	72
219	10067	0	72
223	10062	0	72
224	10056	0	72
225	10056	0	72
226	10052	0	72
228	10040	0	72
229	10040	0	72
230	10035	0	72
231	10032	0	72
232	10032	0	72
233	10026	0	72
234	10022	0	72
235	10022	0	72
236	10020	0	72
237	10020	0	72
238	10019	0	72
239	10016	0	72
240	10015	0	72
0	10232	0	73
1	10201.6	0	73
7	10200	0	73
8	10190	0	73
21	10180	0	73
22	10162	0	73
23	10150	0	73
24	10142	0	73
25	10135	0	73
26	10130	0	73
41	10124	0	73
44	10122	0	73
45	10116	0	73
46	10110	0	73
47	10100	0	73
48	10097	0	73
49	10090	0	73
50	10080	0	73
51	10080	0	73
52	10076	0	73
53	10074	0	73
0	10536	0	74
1	10471	0	74
2	10443	0	74
5	10437	0	74
6	10412	0	74
7	10399	0	74
8	10388	0	74
9	10376	0	74
10	10362	0	74
11	10348	0	74
12	10330	0	74
13	10322	0	74
14	10316	0	74
15	10310	0	74
16	10290	0	74
17	10275	0	74
18	10264	0	74
19	10255	0	74
20	10255	0	74
22	10255	0	74
23	10230	0	74
24	10220	0	74
25	10215	0	74
26	10210	0	74
27	10210	0	74
33	10210	0	74
36	10198	0	74
37	10186	0	74
38	10170	0	74
60	10170	0	74
61	10160	0	74
62	10150	0	74
63	10142	0	74
64	10136	0	74
70	10130	0	74
71	10130	0	74
72	10130	0	74
74	10130	0	74
75	10128	0	74
76	10125	0	74
77	10125	0	74
78	10125	0	74
79	10125	0	74
91	10125	0	74
92	10115	0	74
93	10110	0	74
94	10105	0	74
95	10100	0	74
96	10098	0	74
105	10095	0	74
106	10095	0	74
107	10090	0	74
108	10085	0	74
109	10080	0	74
110	10078	0	74
111	10075	0	74
112	10075	0	74
113	10070	0	74
114	10065	0	74
115	10065	0	74
116	10062	0	74
117	10060	0	74
118	10058	0	74
119	10055	0	74
120	10052	0	74
121	10050	0	74
122	10050	0	74
123	10046	0	74
124	10045	0	74
125	10040	0	74
126	10035	0	74
127	10033	0	74
128	10030	0	74
129	10027	0	74
130	10027	0	74
131	10025	0	74
132	10023	0	74
133	10020	0	74
134	10020	0	74
135	10018	0	74
136	10017	0	74
137	10015	0	74
138	10015	0	74
139	10015	0	74
140	10013	0	74
0	10300	0	75
1	10290	0	75
7	10288	0	75
8	10264	0	75
9	10245	0	75
10	10230	0	75
45	10220	0	75
90	10212	0	75
91	10205	0	75
93	10198	0	75
94	10190	0	75
95	10180	0	75
96	10180	0	75
97	10178	0	75
98	10170	0	75
99	10167	0	75
100	10160	0	75
101	10150	0	75
102	10150	0	75
103	10145	0	75
111	10145	0	75
112	10140	0	75
113	10135	0	75
114	10133	0	75
115	10130	0	75
125	10121	0	75
128	10120	0	75
158	10120	0	75
159	10118	0	75
160	10115	0	75
161	10110	0	75
162	10100	0	75
163	10100	0	75
164	10100	0	75
165	10095	0	75
166	10092	0	75
168	10090	0	75
169	10087	0	75
170	10085	0	75
171	10080	0	75
173	10075	0	75
175	10075	0	75
176	10070	0	75
177	10067	0	75
178	10067	0	75
0	10420	0	76
1	10388	0	76
2	10376	0	76
3	10373	0	76
4	10373	0	76
5	10368	0	76
6	10355	0	76
7	10350	0	76
8	10340	0	76
9	10332	0	76
10	10325	0	76
12	10310	0	76
13	10305	0	76
26	10299	0	76
35	10280	0	76
36	10275	0	76
61	10263	0	76
62	10255	0	76
63	10247	0	76
64	10235	0	76
65	10230	0	76
66	10224	0	76
67	10210	0	76
68	10199	0	76
69	10192	0	76
79	10188	0	76
80	10182	0	76
81	10180	0	76
82	10180	0	76
83	10180	0	76
84	10175	0	76
85	10170	0	76
86	10170	0	76
87	10168	0	76
88	10160	0	76
90	10160	0	76
91	10160	0	76
92	10155	0	76
93	10150	0	76
94	10147	0	76
95	10145	0	76
103	10140	0	76
104	10140	0	76
109	10140	0	76
110	10130	0	76
112	10130	0	76
113	10123	0	76
123	10117	0	76
124	10114	0	76
125	10112	0	76
126	10100	0	76
127	10095	0	76
128	10095	0	76
129	10095	0	76
130	10089	0	76
131	10086	0	76
132	10080	0	76
133	10080	0	76
134	10079	0	76
135	10074	0	76
136	10065	0	76
137	10063	0	76
138	10060	0	76
0	10312	0	77
6	10310	0	77
11	10306	0	77
16	10260	0	77
17	10228	0	77
18	10218	0	77
19	10198	0	77
20	10185	0	77
34	10178	0	77
36	10160	0	77
37	10152	0	77
38	10135	0	77
39	10135	0	77
40	10130	0	77
41	10125	0	77
42	10122	0	77
43	10112	0	77
44	10105	0	77
45	10102	0	77
46	10100	0	77
47	10098	0	77
48	10094	0	77
49	10090	0	77
82	10090	0	77
0	10292	0	78
1	10283	0	78
2	10278	0	78
3	10250	0	78
5	10249	0	78
10	10249	0	78
11	10242	0	78
19	10235	0	78
20	10230	0	78
21	10227	0	78
48	10223	0	78
49	10215	0	78
53	10214	0	78
91	10200	0	78
92	10195	0	78
93	10176	0	78
94	10175	0	78
95	10170	0	78
96	10165	0	78
97	10162	0	78
98	10156	0	78
99	10154	0	78
108	10150	0	78
111	10150	0	78
112	10150	0	78
113	10149	0	78
115	10146	0	78
117	10143	0	78
118	10136	0	78
119	10131	0	78
130	10124	0	78
131	10122	0	78
134	10122	0	78
135	10122	0	78
136	10120	0	78
137	10120	0	78
0	10200	0	79
1	10200	0	79
2	10200	0	79
3	10191	0	79
4	10190	0	79
6	10190	0	79
7	10190	0	79
29	10188	0	79
30	10175	0	79
31	10164	0	79
32	10155	0	79
33	10150	0	79
35	10145	0	79
0	10150	0	80
1	10150	0	80
2	10145	0	80
6	10135	0	80
7	10130	0	80
8	10129	0	80
9	10125	0	80
46	10122	0	80
47	10121	0	80
48	10112	0	80
49	10106	0	80
50	10104	0	80
51	10100	0	80
54	10097	0	80
55	10093	0	80
56	10092	0	80
57	10090	0	80
59	10088	0	80
60	10084	0	80
62	10084	0	80
63	10075	0	80
64	10074	0	80
66	10070	0	80
67	10069	0	80
68	10062	0	80
69	10060	0	80
70	10053	0	80
71	10050	0	80
72	10050	0	80
73	10048	0	80
74	10044	0	80
75	10044	0	80
76	10041	0	80
77	10038	0	80
83	10038	0	80
84	10034	0	80
87	10034	0	80
88	10030	0	80
89	10024	0	80
90	10023	0	80
91	10023	0	80
92	10021	0	80
93	10020	0	80
94	10018	0	80
95	10018	0	80
96	10018	0	80
98	10018	0	80
99	10015	0	80
100	10015	0	80
101	10015	0	80
102	10015	0	80
103	10010	0	80
104	10008	0	80
105	10005	0	80
0	10370	0	81
2	10341	0	81
3	10330	0	81
4	10326	0	81
5	10310	0	81
6	10302	0	81
7	10286	0	81
8	10280	0	81
18	10262	0	81
20	10262	0	81
21	10255	0	81
36	10235	0	81
37	10214	0	81
54	10210	0	81
55	10200	0	81
56	10185	0	81
57	10180	0	81
60	10178	0	81
71	10172	0	81
72	10168	0	81
81	10168	0	81
85	10168	0	81
86	10164	0	81
87	10160	0	81
89	10158	0	81
90	10154	0	81
91	10152	0	81
92	10150	0	81
93	10146	0	81
95	10146	0	81
96	10146	0	81
102	10144	0	81
103	10144	0	81
104	10140	0	81
105	10140	0	81
106	10138	0	81
108	10132	0	81
109	10130	0	81
110	10130	0	81
111	10126	0	81
112	10123	0	81
113	10120	0	81
114	10116	0	81
115	10115	0	81
116	10110	0	81
117	10108	0	81
0	10325	0	82
9	10305	0	82
25	10302	0	82
26	10288	0	82
27	10275	0	82
28	10262	0	82
29	10255	0	82
30	10248	0	82
32	10245	0	82
69	10244	0	82
70	10236	0	82
71	10225	0	82
72	10220	0	82
73	10210	0	82
74	10205	0	82
75	10200	0	82
76	10195	0	82
77	10175	0	82
0	10257	0	83
1	10250	0	83
2	10241	0	83
3	10238	0	83
5	10236	0	83
6	10235	0	83
7	10234	0	83
8	10225	0	83
9	10223	0	83
14	10221	0	83
15	10215	0	83
16	10215	0	83
21	10214	0	83
22	10211	0	83
23	10207	0	83
25	10207	0	83
26	10200	0	83
33	10200	0	83
36	10200	0	83
37	10185	0	83
39	10185	0	83
40	10185	0	83
41	10182	0	83
42	10175	0	83
43	10170	0	83
49	10170	0	83
50	10166	0	83
51	10165	0	83
66	10163	0	83
68	10160	0	83
69	10150	0	83
70	10141	0	83
71	10135	0	83
72	10132	0	83
80	10126	0	83
95	10125	0	83
96	10119	0	83
97	10112	0	83
98	10112	0	83
105	10109	0	83
0	10275	0	84
1	10266	0	84
2	10257	0	84
3	10246	0	84
8	10243	0	84
9	10236	0	84
10	10234	0	84
11	10225	0	84
18	10221	0	84
19	10220	0	84
20	10218	0	84
38	10215	0	84
39	10214	0	84
40	10214	0	84
41	10213	0	84
42	10205	0	84
43	10204	0	84
45	10200	0	84
46	10200	0	84
47	10194	0	84
48	10189	0	84
49	10186	0	84
50	10182	0	84
51	10178	0	84
52	10176	0	84
88	10167	0	84
89	10161	0	84
90	10154	0	84
92	10150	0	84
93	10145	0	84
94	10139	0	84
95	10131	0	84
96	10128	0	84
97	10124	0	84
98	10123	0	84
99	10118	0	84
100	10117	0	84
102	10117	0	84
103	10113	0	84
104	10108	0	84
105	10106	0	84
106	10103	0	84
107	10101	0	84
108	10099	0	84
109	10094	0	84
129	10088	0	84
0	10404	0	85
1	10389	0	85
6	10382	0	85
7	10361	0	85
14	10350	0	85
15	10338	0	85
16	10318	0	85
17	10305	0	85
18	10288	0	85
19	10274	0	85
20	10258	0	85
21	10242	0	85
26	10241	0	85
27	10240	0	85
28	10226	0	85
29	10225	0	85
46	10218	0	85
47	10214	0	85
48	10212	0	85
49	10209	0	85
50	10202	0	85
51	10193	0	85
52	10187	0	85
53	10187	0	85
57	10186	0	85
58	10174	0	85
61	10170	0	85
70	10159	0	85
71	10151	0	85
72	10145	0	85
73	10140	0	85
75	10137	0	85
76	10132	0	85
77	10132	0	85
84	10120	0	85
85	10107	0	85
86	10105	0	85
87	10091	0	85
88	10082	0	85
92	10075	0	85
0	10376	0	86
2	10348	0	86
3	10337	0	86
4	10334	0	86
9	10326	0	86
10	10319	0	86
11	10314	0	86
22	10307	0	86
23	10293	0	86
24	10280	0	86
25	10274	0	86
26	10258	0	86
27	10246	0	86
35	10240	0	86
36	10233	0	86
37	10233	0	86
41	10227	0	86
42	10217	0	86
43	10213	0	86
69	10210	0	86
70	10203	0	86
71	10196	0	86
72	10191	0	86
73	10183	0	86
74	10175	0	86
75	10171	0	86
76	10166	0	86
79	10163	0	86
80	10161	0	86
82	10161	0	86
83	10156	0	86
124	10145	0	86
125	10128	0	86
126	10124	0	86
0	10431	0	87
1	10398	0	87
2	10385	0	87
3	10366	0	87
4	10350	0	87
5	10329	0	87
6	10311	0	87
7	10290	0	87
8	10278	0	87
24	10271	0	87
25	10251	0	87
26	10243	0	87
27	10240	0	87
28	10230	0	87
29	10217	0	87
30	10207	0	87
49	10206	0	87
50	10195	0	87
51	10184	0	87
52	10182	0	87
53	10182	0	87
55	10176	0	87
56	10176	0	87
57	10174	0	87
58	10167	0	87
59	10164	0	87
60	10162	0	87
61	10161	0	87
62	10161	0	87
63	10154	0	87
64	10149	0	87
65	10141	0	87
66	10136	0	87
69	10134	0	87
70	10128	0	87
71	10126	0	87
72	10112	0	87
73	10106	0	87
76	10104	0	87
77	10089	0	87
78	10077	0	87
79	10070	0	87
80	10068	0	87
81	10064	0	87
0	10429	0	88
1	10338	0	88
2	10322	0	88
3	10317	0	88
4	10313	0	88
5	10302	0	88
6	10292	0	88
7	10280	0	88
22	10275	0	88
23	10257	0	88
24	10245	0	88
25	10235	0	88
26	10226	0	88
27	10213	0	88
28	10202	0	88
29	10196	0	88
30	10189	0	88
31	10187	0	88
78	10179	0	88
79	10165	0	88
80	10162	0	88
0	10203	0	89
1	10196	0	89
2	10194	0	89
8	10187	0	89
9	10187	0	89
10	10184	0	89
11	10175	0	89
12	10166	0	89
13	10165	0	89
17	10160	0	89
18	10160	0	89
19	10158	0	89
21	10157	0	89
23	10151	0	89
24	10144	0	89
48	10144	0	89
49	10135	0	89
53	10126	0	89
54	10120	0	89
55	10114	0	89
56	10111	0	89
74	10106	0	89
81	10095	0	89
82	10092	0	89
83	10074	0	89
84	10064	0	89
85	10059	0	89
86	10055	0	89
87	10052	0	89
88	10051	0	89
89	10050	0	89
90	10046	0	89
91	10042	0	89
92	10041	0	89
0	10355	0	90
1	10313	0	90
2	10272	0	90
3	10242	0	90
4	10240	0	90
5	10218	0	90
6	10195	0	90
52	10190	0	90
53	10176	0	90
54	10159	0	90
55	10148	0	90
56	10140	0	90
57	10130	0	90
58	10123	0	90
59	10118	0	90
83	10110	0	90
84	10099	0	90
85	10097	0	90
86	10097	0	90
87	10080	0	90
0	10366	0	91
1	10338	0	91
2	10326	0	91
3	10324	0	91
4	10305	0	91
5	10298	0	91
6	10287	0	91
7	10279	0	91
8	10271	0	91
9	10250	0	91
10	10247	0	91
11	10240	0	91
12	10228	0	91
21	10227	0	91
22	10219	0	91
23	10214	0	91
24	10207	0	91
25	10190	0	91
26	10181	0	91
27	10172	0	91
28	10168	0	91
29	10164	0	91
30	10159	0	91
31	10148	0	91
32	10143	0	91
39	10142	0	91
41	10132	0	91
42	10125	0	91
43	10115	0	91
62	10107	0	91
63	10104	0	91
64	10096	0	91
65	10086	0	91
66	10082	0	91
67	10080	0	91
68	10070	0	91
69	10067	0	91
70	10065	0	91
71	10060	0	91
72	10052	0	91
73	10046	0	91
74	10044	0	91
76	10044	0	91
98	10043	0	91
99	10042	0	91
0	10342	0	92
1	10318	0	92
2	10315	0	92
5	10314	0	92
6	10307	0	92
7	10290	0	92
8	10271	0	92
9	10253	0	92
10	10236	0	92
11	10225	0	92
12	10220	0	92
13	10215	0	92
14	10208	0	92
17	10189	0	92
18	10185	0	92
32	10179	0	92
33	10163	0	92
37	10154	0	92
38	10142	0	92
39	10130	0	92
40	10128	0	92
41	10127	0	92
42	10125	0	92
43	10125	0	92
44	10125	0	92
45	10123	0	92
46	10118	0	92
64	10118	0	92
69	10105	0	92
81	10098	0	92
90	10090	0	92
91	10081	0	92
92	10072	0	92
94	10070	0	92
95	10064	0	92
97	10048	0	92
98	10046	0	92
115	10028	0	92
116	10025	0	92
117	10020	0	92
118	10012	0	92
119	10008	0	92
121	10006	0	92
122	10000	0	92
123	9998	0	92
131	9990	0	92
132	9981	0	92
133	9974	0	92
143	9972	0	92
0	10365	0	93
1	10347	0	93
2	10327	0	93
3	10322	0	93
4	10304	0	93
5	10288	0	93
6	10274	0	93
7	10254	0	93
8	10240	0	93
12	10238	0	93
13	10235	0	93
14	10231	0	93
15	10218	0	93
17	10208	0	93
18	10205	0	93
19	10204	0	93
20	10200	0	93
22	10197	0	93
24	10188	0	93
25	10188	0	93
26	10170	0	93
27	10155	0	93
28	10148	0	93
29	10140	0	93
30	10133	0	93
31	10132	0	93
41	10129	0	93
42	10123	0	93
45	10115	0	93
47	10105	0	93
67	10058	0	93
87	10058	0	93
88	10057	0	93
89	10048	0	93
90	10048	0	93
91	10045	0	93
97	10040	0	93
98	10038	0	93
99	10037	0	93
100	10031	0	93
102	10018	0	93
103	10018	0	93
104	10003	0	93
105	10003	0	93
106	9997	0	93
107	9992	0	93
108	9992	0	93
109	9988	0	93
110	9982	0	93
0	10236	0	94
1	10228	0	94
2	10228	0	94
3	10218	0	94
4	10218	0	94
44	10216	0	94
45	10211	0	94
72	10204	0	94
73	10202	0	94
74	10197	0	94
75	10188	0	94
76	10177	0	94
77	10166	0	94
78	10158	0	94
79	10154	0	94
80	10147	0	94
82	10132	0	94
85	10132	0	94
86	10125	0	94
99	10118	0	94
100	10109	0	94
101	10106	0	94
104	10105	0	94
105	10103	0	94
106	10103	0	94
107	10096	0	94
114	10096	0	94
115	10094	0	94
116	10094	0	94
117	10092	0	94
118	10084	0	94
119	10076	0	94
120	10076	0	94
131	10066	0	94
132	10060	0	94
133	10060	0	94
134	10054	0	94
135	10053	0	94
136	10053	0	94
137	10041	0	94
140	10041	0	94
141	10036	0	94
142	10033	0	94
144	10033	0	94
149	10032	0	94
150	10022	0	94
151	10017	0	94
155	10015	0	94
156	10007	0	94
157	10007	0	94
158	10003	0	94
0	10312	0	95
1	10265	0	95
21	10240	0	95
22	10227	0	95
23	10210	0	95
24	10194	0	95
25	10186	0	95
26	10173	0	95
27	10167	0	95
28	10165	0	95
39	10161	0	95
40	10155	0	95
41	10147	0	95
42	10132	0	95
45	10131	0	95
46	10124	0	95
47	10112	0	95
48	10104	0	95
49	10100	0	95
50	10092	0	95
51	10087	0	95
52	10084	0	95
53	10078	0	95
54	10073	0	95
55	10070	0	95
73	10064	0	95
74	10058	0	95
75	10053	0	95
76	10046	0	95
77	10036	0	95
78	10032	0	95
0	10145	0	96
1	10127	0	96
2	10118	0	96
3	10111	0	96
4	10107	0	96
11	10100	0	96
12	10097	0	96
13	10092	0	96
14	10088	0	96
15	10078	0	96
16	10062	0	96
17	10049	0	96
18	10037	0	96
37	10035	0	96
38	10008	0	96
39	10004	0	96
42	10004	0	96
43	9995	0	96
44	9990	0	96
46	9985	0	96
47	9982	0	96
0	10188	0	97
2	10178	0	97
3	10166	0	97
4	10162	0	97
24	10160	0	97
48	10151	0	97
49	10145	0	97
50	10128	0	97
51	10126	0	97
52	10115	0	97
53	10113	0	97
64	10102	0	97
65	10095	0	97
66	10094	0	97
88	10090	0	97
89	10086	0	97
95	10076	0	97
96	10067	0	97
97	10058	0	97
98	10052	0	97
99	10049	0	97
0	10458	0	98
1	10435	0	98
2	10415	0	98
4	10410	0	98
5	10407	0	98
11	10404	0	98
12	10388	0	98
13	10375	0	98
14	10362	0	98
15	10355	0	98
16	10339	0	98
17	10322	0	98
19	10322	0	98
20	10302	0	98
21	10286	0	98
22	10271	0	98
23	10264	0	98
24	10250	0	98
25	10238	0	98
26	10230	0	98
27	10225	0	98
28	10222	0	98
29	10215	0	98
31	10208	0	98
32	10192	0	98
33	10180	0	98
34	10171	0	98
80	10171	0	98
81	10165	0	98
89	10164	0	98
90	10161	0	98
91	10156	0	98
92	10152	0	98
95	10146	0	98
96	10139	0	98
97	10137	0	98
98	10135	0	98
99	10125	0	98
100	10125	0	98
101	10121	0	98
103	10115	0	98
106	10111	0	98
107	10104	0	98
108	10100	0	98
134	10097	0	98
135	10090	0	98
136	10058	0	98
0	10187	0	99
8	10185	0	99
15	10185	0	99
16	10166	0	99
17	10160	0	99
18	10160	0	99
21	10160	0	99
24	10160	0	99
25	10149	0	99
36	10147	0	99
37	10140	0	99
38	10122	0	99
39	10116	0	99
40	10110	0	99
67	10110	0	99
75	10098	0	99
76	10078	0	99
77	10069	0	99
78	10050	0	99
79	10045	0	99
80	10042	0	99
81	10042	0	99
82	10038	0	99
83	10033	0	99
0	10286	0	100
2	10275	0	100
3	10268	0	100
4	10255	0	100
23	10238	0	100
24	10226	0	100
25	10204	0	100
26	10195	0	100
27	10189	0	100
28	10185	0	100
76	10175	0	100
77	10162	0	100
78	10150	0	100
79	10146	0	100
84	10143	0	100
100	10142	0	100
101	10135	0	100
102	10133	0	100
103	10127	0	100
104	10122	0	100
105	10121	0	100
106	10114	0	100
107	10110	0	100
134	10110	0	100
135	10104	0	100
136	10096	0	100
137	10092	0	100
138	10085	0	100
139	10081	0	100
140	10080	0	100
141	10075	0	100
142	10065	0	100
143	10060	0	100
144	10060	0	100
145	10058	0	100
146	10057	0	100
147	10045	0	100
148	10042	0	100
149	10031	0	100
150	10024	0	100
151	10022	0	100
154	10017	0	100
155	10008	0	100
156	10004	0	100
0	10223	0	101
11	10216	0	101
12	10210	0	101
13	10209	0	101
14	10205	0	101
15	10190	0	101
34	10190	0	101
36	10184	0	101
43	10180	0	101
44	10178	0	101
45	10170	0	101
46	10164	0	101
47	10161	0	101
50	10158	0	101
54	10156	0	101
55	10154	0	101
56	10150	0	101
58	10150	0	101
59	10148	0	101
60	10140	0	101
61	10129	0	101
68	10122	0	101
69	10112	0	101
70	10106	0	101
71	10101	0	101
79	10100	0	101
80	10094	0	101
81	10094	0	101
82	10094	0	101
85	10093	0	101
86	10090	0	101
87	10090	0	101
88	10082	0	101
89	10081	0	101
90	10080	0	101
91	10074	0	101
99	10072	0	101
100	10055	0	101
102	10051	0	101
103	10048	0	101
104	10043	0	101
105	10042	0	101
106	10037	0	101
107	10025	0	101
108	10020	0	101
138	10017	0	101
139	10016	0	101
154	10015	0	101
155	10006	0	101
158	10003	0	101
159	10000	0	101
160	9997	0	101
184	9994	0	101
185	9991	0	101
186	9989	0	101
191	9981	0	101
193	9972	0	101
0	10175	0	102
2	10120	0	102
3	10060	0	102
23	10055	0	102
29	10052	0	102
42	10048	0	102
43	10047	0	102
44	10035	0	102
45	10030	0	102
46	10026	0	102
47	10026	0	102
54	10026	0	102
55	10025	0	102
0	10263	0	103
1	10257	0	103
8	10240	0	103
9	10221	0	103
10	10210	0	103
18	10202	0	103
19	10189	0	103
20	10182	0	103
21	10170	0	103
22	10156	0	103
62	10154	0	103
63	10154	0	103
72	10149	0	103
73	10149	0	103
117	10140	0	103
118	10135	0	103
119	10135	0	103
120	10123	0	103
122	10120	0	103
124	10118	0	103
125	10110	0	103
126	10106	0	103
127	10100	0	103
131	10098	0	103
133	10098	0	103
0	10320	0	104
13	10312	0	104
14	10288	0	104
15	10271	0	104
16	10269	0	104
17	10266	0	104
18	10250	0	104
19	10231	0	104
20	10217	0	104
21	10208	0	104
22	10196	0	104
23	10188	0	104
24	10178	0	104
30	10170	0	104
31	10162	0	104
32	10157	0	104
33	10156	0	104
34	10155	0	104
35	10155	0	104
36	10152	0	104
57	10150	0	104
106	10148	0	104
107	10148	0	104
121	10145	0	104
123	10145	0	104
124	10145	0	104
130	10141	0	104
131	10135	0	104
133	10130	0	104
134	10120	0	104
135	10103	0	104
136	10100	0	104
137	10098	0	104
144	10098	0	104
157	10097	0	104
158	10090	0	104
159	10088	0	104
161	10088	0	104
162	10086	0	104
163	10080	0	104
164	10080	0	104
165	10075	0	104
169	10066	0	104
170	10054	0	104
171	10045	0	104
172	10040	0	104
173	10032	0	104
174	10025	0	104
176	10020	0	104
177	10018	0	104
178	10017	0	104
181	10012	0	104
182	10010	0	104
183	10010	0	104
184	10009	0	104
185	10009	0	104
186	10009	0	104
196	10009	0	104
198	10000	0	104
199	9990	0	104
200	9985	0	104
201	9979	0	104
203	9971	0	104
205	9966	0	104
206	9953	0	104
209	9953	0	104
210	9951	0	104
211	9948	0	104
212	9945	0	104
0	10220	0	105
1	10219	0	105
6	10213	0	105
7	10205	0	105
8	10201	0	105
21	10194	0	105
22	10182	0	105
24	10166	0	105
25	10159	0	105
26	10156	0	105
27	10150	0	105
28	10148	0	105
29	10148	0	105
30	10142	0	105
31	10132	0	105
32	10128	0	105
33	10120	0	105
35	10118	0	105
36	10116	0	105
37	10115	0	105
38	10110	0	105
39	10110	0	105
40	10106	0	105
41	10105	0	105
42	10100	0	105
43	10090	0	105
44	10086	0	105
45	10085	0	105
46	10083	0	105
47	10082	0	105
48	10082	0	105
65	10078	0	105
66	10065	0	105
67	10052	0	105
68	10049	0	105
69	10038	0	105
70	10038	0	105
71	10035	0	105
73	10035	0	105
90	10029	0	105
91	10015	0	105
92	10005	0	105
93	9991	0	105
0	10166	0	106
26	10162	0	106
27	10158	0	106
28	10151	0	106
29	10150	0	106
33	10142	0	106
34	10132	0	106
35	10122	0	106
61	10122	0	106
62	10116	0	106
63	10108	0	106
64	10106	0	106
66	10105	0	106
67	10092	0	106
68	10078	0	106
69	10056	0	106
70	10050	0	106
115	10048	0	106
116	10044	0	106
117	10042	0	106
118	10036	0	106
119	10026	0	106
120	10026	0	106
122	10020	0	106
124	10020	0	106
125	10018	0	106
126	10013	0	106
127	10010	0	106
128	10010	0	106
129	10001	0	106
132	9998	0	106
133	9997	0	106
134	9991	0	106
135	9990	0	106
136	9988	0	106
141	9987	0	106
142	9987	0	106
143	9978	0	106
0	10270	0	107
1	10265	0	107
17	10252	0	107
18	10240	0	107
19	10234	0	107
20	10225	0	107
21	10218	0	107
22	10212	0	107
23	10202	0	107
24	10186	0	107
34	10184	0	107
45	10180	0	107
46	10172	0	107
47	10168	0	107
48	10165	0	107
49	10165	0	107
50	10160	0	107
51	10152	0	107
52	10146	0	107
53	10144	0	107
54	10136	0	107
55	10132	0	107
56	10125	0	107
57	10120	0	107
70	10110	0	107
0	10360	0	108
1	10358	0	108
2	10358	0	108
3	10342	0	108
4	10328	0	108
5	10314	0	108
6	10300	0	108
7	10300	0	108
8	10298	0	108
9	10292	0	108
27	10280	0	108
28	10274	0	108
29	10272	0	108
30	10272	0	108
31	10270	0	108
57	10260	0	108
58	10250	0	108
60	10248	0	108
61	10244	0	108
62	10226	0	108
63	10212	0	108
64	10202	0	108
65	10198	0	108
66	10190	0	108
67	10190	0	108
81	10190	0	108
82	10190	0	108
83	10184	0	108
84	10178	0	108
86	10164	0	108
87	10155	0	108
88	10148	0	108
89	10148	0	108
90	10142	0	108
91	10138	0	108
92	10128	0	108
103	10118	0	108
104	10104	0	108
112	10104	0	108
113	10100	0	108
114	10088	0	108
116	10087	0	108
117	10082	0	108
118	10076	0	108
126	10062	0	108
127	10052	0	108
128	10050	0	108
129	10050	0	108
130	10048	0	108
0	10515	0	109
1	10388	0	109
2	10344	0	109
3	10300	0	109
4	10278	0	109
5	10256	0	109
6	10245	0	109
7	10236	0	109
9	10236	0	109
21	10226	0	109
22	10220	0	109
23	10214	0	109
24	10212	0	109
26	10210	0	109
27	10208	0	109
28	10200	0	109
30	10196	0	109
31	10190	0	109
34	10188	0	109
35	10180	0	109
36	10174	0	109
37	10170	0	109
38	10166	0	109
41	10160	0	109
42	10150	0	109
43	10144	0	109
44	10136	0	109
45	10130	0	109
46	10124	0	109
47	10118	0	109
48	10108	0	109
49	10094	0	109
93	10093	0	109
94	10089	0	109
133	10080	0	109
0	10478	0	110
1	10409	0	110
2	10330	0	110
4	10326	0	110
5	10322	0	110
6	10300	0	110
7	10300	0	110
8	10290	0	110
9	10275	0	110
10	10263	0	110
11	10262	0	110
19	10255	0	110
20	10248	0	110
21	10242	0	110
22	10238	0	110
30	10237	0	110
31	10220	0	110
32	10204	0	110
33	10202	0	110
40	10202	0	110
41	10192	0	110
42	10182	0	110
43	10177	0	110
44	10174	0	110
45	10172	0	110
50	10170	0	110
66	10160	0	110
67	10138	0	110
68	10120	0	110
69	10108	0	110
70	10100	0	110
71	10071	0	110
72	10062	0	110
73	10053	0	110
0	10330	0	111
6	10328	0	111
7	10316	0	111
8	10300	0	111
9	10292	0	111
43	10282	0	111
44	10260	0	111
45	10254	0	111
46	10241	0	111
47	10236	0	111
57	10234	0	111
58	10220	0	111
59	10220	0	111
60	10214	0	111
61	10212	0	111
62	10206	0	111
66	10202	0	111
67	10198	0	111
75	10194	0	111
76	10188	0	111
96	10181	0	111
97	10180	0	111
98	10180	0	111
99	10174	0	111
100	10170	0	111
101	10166	0	111
102	10158	0	111
103	10150	0	111
104	10144	0	111
105	10138	0	111
106	10134	0	111
107	10122	0	111
108	10112	0	111
109	10100	0	111
110	10090	0	111
111	10084	0	111
112	10078	0	111
113	10072	0	111
115	10070	0	111
129	10068	0	111
130	10068	0	111
131	10058	0	111
132	10058	0	111
133	10058	0	111
134	10058	0	111
135	10056	0	111
136	10052	0	111
138	10052	0	111
0	10468	0	112
1	10420	0	112
6	10380	0	112
7	10346	0	112
8	10338	0	112
10	10318	0	112
11	10304	0	112
12	10298	0	112
15	10286	0	112
16	10284	0	112
17	10278	0	112
18	10258	0	112
19	10242	0	112
20	10232	0	112
21	10224	0	112
22	10224	0	112
32	10218	0	112
65	10218	0	112
81	10218	0	112
84	10218	0	112
85	10206	0	112
86	10190	0	112
87	10186	0	112
135.958333333328	10186	0	112
136.958333333328	10184	0	112
137.958333333328	10180	0	112
138.958333333328	10180	0	112
140.958333333328	10174	0	112
141.958333333328	10170	0	112
142.958333333328	10168	0	112
144.958333333328	10162	0	112
145.958333333328	10160	0	112
146.958333333328	10160	0	112
147.958333333328	10148	0	112
148.958333333328	10140	0	112
149.958333333328	10138	0	112
150.958333333328	10138	0	112
151.958333333328	10138	0	112
152.958333333328	10132	0	112
153.958333333328	10128	0	112
154.958333333328	10118	0	112
175.958333333328	10108	0	112
188.958333333328	10108	0	112
189.958333333328	10090	0	112
190.958333333328	10086	0	112
191.958333333328	10078	0	112
0	10318	0	113
2	10298	0	113
5	10298	0	113
6	10278	0	113
22	10264	0	113
35	10250	0	113
36	10242	0	113
37	10234	0	113
38	10220	0	113
39	10210	0	113
40	10200	0	113
41	10192	0	113
42	10186	0	113
0	10352	0	114
1	10310	0	114
2	10296	0	114
3	10284	0	114
4	10282	0	114
5	10272	0	114
6	10242	0	114
7	10224	0	114
8	10200	0	114
9	10198	0	114
31	10196	0	114
32	10184	0	114
33	10174	0	114
34	10158	0	114
35	10154	0	114
36	10142	0	114
53	10142	0	114
54	10134	0	114
57	10128	0	114
58	10124	0	114
59	10114	0	114
60	10104	0	114
61	10100	0	114
69	10098	0	114
70	10092	0	114
71	10080	0	114
75	10074	0	114
80	10074	0	114
0	10508	0	115
1	10388	0	115
2	10344	0	115
3	10326	0	115
4	10316	0	115
5	10304	0	115
6	10290	0	115
7	10272	0	115
8	10260	0	115
9	10246	0	115
10	10240	0	115
15	10238	0	115
16	10228	0	115
17	10224	0	115
18	10220	0	115
19	10214	0	115
20	10208	0	115
21	10206	0	115
22	10190	0	115
23	10176	0	115
24	10168	0	115
26	10164	0	115
30	10160	0	115
31	10152	0	115
32	10134	0	115
33	10130	0	115
81	10130	0	115
82	10130	0	115
83	10120	0	115
84	10118	0	115
85	10110	0	115
86	10110	0	115
93	10110	0	115
94	10104	0	115
95	10090	0	115
96	10080	0	115
97	10058	0	115
99	10058	0	115
100	10058	0	115
101	10048	0	115
103	10048	0	115
104	10040	0	115
118	10028	0	115
0	10240	0	116
1	10228	0	116
2	10228	0	116
4	10222	0	116
5	10206	0	116
6	10206	0	116
9	10198	0	116
10	10184	0	116
11	10184	0	116
12	10180	0	116
15	10178	0	116
29	10176	0	116
40	10174	0	116
41	10160	0	116
42	10152	0	116
43	10144	0	116
44	10140	0	116
46	10140	0	116
47	10134	0	116
48	10124	0	116
49	10120	0	116
50	10120	0	116
63	10120	0	116
64	10118	0	116
65	10116	0	116
66	10116	0	116
67	10114	0	116
68	10114	0	116
69	10112	0	116
75	10110	0	116
76	10106	0	116
77	10098	0	116
78	10084	0	116
79	10074	0	116
80	10062	0	116
84	10060	0	116
85	10056	0	116
86	10056	0	116
87	10056	0	116
129.041666666672	10050	0	116
135.041666666672	10049	0	116
0	10340	0	117
1	10336	0	117
4	10330	0	117
5	10320	0	117
6	10314	0	117
7	10294	0	117
8	10268	0	117
9	10248	0	117
10	10234	0	117
42	10228	0	117
43	10228	0	117
44	10220	0	117
49	10210	0	117
50	10200	0	117
79	10200	0	117
80	10194	0	117
81	10190	0	117
82	10188	0	117
83	10182	0	117
85	10182	0	117
86	10178	0	117
120	10178	0	117
121	10178	0	117
122	10172	0	117
124	10170	0	117
125	10170	0	117
126	10165	0	117
127	10158	0	117
128	10156	0	117
129	10152	0	117
130	10150	0	117
131	10144	0	117
132	10144	0	117
133	10138	0	117
134	10130	0	117
135	10124	0	117
136	10120	0	117
137	10120	0	117
138	10114	0	117
148	10114	0	117
158	10104	0	117
159	10092	0	117
160	10082	0	117
161	10074	0	117
162	10070	0	117
163	10060	0	117
164	10050	0	117
165	10038	0	117
167	10034	0	117
168	10034	0	117
169	10030	0	117
170	10024	0	117
171	10024	0	117
172	10018	0	117
182	10018	0	117
0	10064	0	118
1	10060	0	118
2	10044	0	118
3	10040	0	118
4	10034	0	118
27	10034	0	118
30	10030	0	118
31	10025	0	118
32	10010	0	118
33	9994	0	118
34	9990	0	118
37	9988	0	118
38	9984	0	118
39	9984	0	118
40	9980	0	118
47	9980	0	118
48	9980	0	118
51	9980	0	118
52	9968	0	118
53	9968	0	118
54	9965	0	118
60.0416666666715	9958	0	118
61.0416666666715	9955	0	118
64.0416666666715	9954	0	118
65.0416666666715	9950	0	118
0	10386	0	119
1	10340	0	119
38	10340	0	119
39	10320	0	119
40	10314	0	119
41	10300	0	119
42	10298	0	119
43	10293	0	119
56	10288	0	119
57	10260	0	119
58	10256	0	119
59	10252	0	119
60	10252	0	119
61	10248	0	119
69	10232	0	119
74	10231	0	119
75	10212	0	119
76	10203	0	119
79	10200	0	119
80	10198	0	119
81	10193	0	119
82	10184	0	119
83	10184	0	119
85	10182	0	119
86	10178	0	119
87	10172	0	119
88	10170	0	119
89	10168	0	119
90	10168	0	119
91	10168	0	119
96	10166	0	119
97	10158	0	119
98	10154	0	119
99	10150	0	119
122	10148	0	119
124	10148	0	119
130	10148	0	119
131	10144	0	119
132	10140	0	119
138	10132	0	119
139	10124	0	119
140	10116	0	119
143	10116	0	119
158	10102	0	119
159	10090	0	119
183	10088	0	119
185.041666666672	10085	0	119
193.041666666672	10072	0	119
194.041666666672	10072	0	119
0	10363	0	120
1	10336	0	120
2	10320	0	120
3	10288	0	120
4	10267	0	120
8	10250	0	120
9	10228	0	120
21	10210	0	120
22	10210	0	120
28	10205	0	120
29	10190	0	120
30	10180	0	120
31	10178	0	120
57.9583333333285	10176	0	120
58.9583333333285	10166	0	120
62.9583333333285	10164	0	120
68.9583333333285	10160	0	120
69.9583333333285	10158	0	120
71.9583333333285	10158	0	120
72.9583333333285	10154	0	120
73.9583333333285	10151	0	120
90.9583333333285	10144	0	120
92.9583333333285	10142	0	120
93.9583333333285	10138	0	120
94.9583333333285	10134	0	120
95.9583333333285	10132	0	120
97.9583333333285	10126	0	120
99.9583333333285	10122	0	120
100.958333333328	10120	0	120
105.958333333328	10118	0	120
106.958333333328	10114	0	120
107.958333333328	10110	0	120
108.958333333328	10108	0	120
109.958333333328	10106	0	120
110.958333333328	10104	0	120
113.958333333328	10102	0	120
114.958333333328	10100	0	120
118.958333333328	10088	0	120
119.958333333328	10084	0	120
129.958333333328	10068	0	120
130.958333333328	10062	0	120
135.958333333328	10060	0	120
136.958333333328	10050	0	120
137.958333333328	10032	0	120
138.958333333328	10022	0	120
139.958333333328	10012	0	120
0	10247	0	121
1	10243	0	121
4	10232	0	121
5	10212	0	121
6	10204	0	121
7	10204	0	121
8	10202	0	121
9	10202	0	121
10	10202	0	121
11	10194	0	121
13	10190	0	121
14	10182	0	121
15	10178	0	121
16	10175	0	121
17	10168	0	121
18	10168	0	121
35	10163	0	121
37	10163	0	121
38	10153	0	121
39	10148	0	121
40	10148	0	121
41	10145	0	121
42	10141	0	121
43	10138	0	121
48	10138	0	121
49	10128	0	121
50	10120	0	121
67	10118	0	121
68	10106	0	121
69	10100	0	121
97	10092	0	121
98	10080	0	121
99	10074	0	121
0	10550	0	122
1	10518	0	122
2	10450	0	122
3	10409	0	122
4	10393	0	122
5	10383	0	122
6	10362	0	122
7	10346	0	122
8	10326	0	122
9	10305	0	122
10	10290	0	122
11	10282	0	122
12	10268	0	122
42	10254	0	122
43	10238	0	122
44	10220	0	122
45	10220	0	122
46	10218	0	122
47	10212	0	122
67	10198	0	122
68	10194	0	122
69	10188	0	122
71	10188	0	122
72	10178	0	122
73	10166	0	122
74	10160	0	122
75	10150	0	122
76	10150	0	122
77	10148	0	122
78	10145	0	122
79	10144	0	122
80	10143	0	122
81	10140	0	122
82	10136	0	122
83	10128	0	122
84	10118	0	122
85	10108	0	122
86	10104	0	122
113	10100	0	122
114	10100	0	122
117	10100	0	122
118	10092	0	122
121	10092	0	122
122	10082	0	122
123	10070	0	122
124	10058	0	122
125	10050	0	122
126	10043	0	122
129	10043	0	122
130	10040	0	122
131	10035	0	122
137	10034	0	122
138.041666666664	10030	0	122
139.041666666664	10030	0	122
140.041666666664	10015	0	122
141.041666666664	10014	0	122
0	10328	0	123
1	10312	0	123
18	10304	0	123
19	10286	0	123
47.9583333333358	10284	0	123
48.9583333333358	10284	0	123
49.9583333333358	10284	0	123
50.9583333333358	10278	0	123
51.9583333333358	10268	0	123
52.9583333333358	10244	0	123
53.9583333333358	10220	0	123
73.9583333333358	10211	0	123
74.9583333333358	10200	0	123
81.9583333333358	10198	0	123
82.9583333333358	10188	0	123
86.9583333333358	10182	0	123
87.9583333333358	10178	0	123
115.958333333336	10168	0	123
116.958333333336	10165	0	123
117.958333333336	10158	0	123
0	10366	0	124
1	10344	0	124
2	10320	0	124
3	10312	0	124
8	10304	0	124
10	10296	0	124
11	10274	0	124
18.9583333333358	10270	0	124
19.9583333333358	10260	0	124
20.9583333333358	10240	0	124
21.9583333333358	10215	0	124
22.9583333333358	10200	0	124
23.9583333333358	10190	0	124
45.9583333333358	10185	0	124
87.9583333333358	10184	0	124
88.9583333333358	10180	0	124
89.9583333333358	10178	0	124
92.9583333333358	10176	0	124
93.9583333333358	10176	0	124
94.9583333333358	10174	0	124
95.9583333333358	10164	0	124
96.9583333333358	10160	0	124
97.9583333333358	10156	0	124
99.9583333333358	10156	0	124
100.958333333336	10150	0	124
108.958333333336	10150	0	124
109.958333333336	10140	0	124
110.958333333336	10134	0	124
112.958333333336	10134	0	124
113.958333333336	10130	0	124
114.958333333336	10126	0	124
115.958333333336	10122	0	124
116.958333333336	10120	0	124
120.958333333336	10115	0	124
125.958333333336	10114	0	124
126.958333333336	10114	0	124
127.958333333336	10106	0	124
128.958333333336	10104	0	124
129.958333333336	10104	0	124
132.958333333336	10100	0	124
143.958333333336	10100	0	124
144.958333333336	10098	0	124
145.958333333336	10090	0	124
146.958333333336	10090	0	124
158.958333333336	10084	0	124
159.958333333336	10070	0	124
160.958333333336	10070	0	124
166.958333333336	10066	0	124
167.958333333336	10050	0	124
169.958333333336	10048	0	124
170.958333333336	10035	0	124
171.958333333336	10030	0	124
172.958333333336	10030	0	124
173.958333333336	10026	0	124
0	10172	0	125
1	10170	0	125
2	10164	0	125
3	10164	0	125
30	10162	0	125
31	10154	0	125
32	10150	0	125
33	10144	0	125
49	10142	0	125
50	10136	0	125
51	10136	0	125
54	10134	0	125
56	10132	0	125
57	10130	0	125
58	10126	0	125
61	10124	0	125
62	10120	0	125
63	10120	0	125
64	10120	0	125
68	10120	0	125
70	10120	0	125
71	10110	0	125
86	10104	0	125
87	10100	0	125
88	10088	0	125
89	10072	0	125
90	10060	0	125
120	10056	0	125
121	10048	0	125
122	10040	0	125
123	10032	0	125
124	10032	0	125
125	10020	0	125
127	10020	0	125
0	10330	0	126
1	10308	0	126
2	10304	0	126
3	10297	0	126
4	10280	0	126
5	10272	0	126
6	10260	0	126
14	10260	0	126
15	10244	0	126
25	10230	0	126
26	10215	0	126
27	10210	0	126
36	10208	0	126
37	10206	0	126
38	10206	0	126
39	10206	0	126
40	10206	0	126
41	10200	0	126
42	10194	0	126
43	10190	0	126
45	10184	0	126
46	10174	0	126
47	10164	0	126
50	10164	0	126
51	10152	0	126
52	10150	0	126
53	10144	0	126
54	10138	0	126
55	10130	0	126
56	10130	0	126
57	10122	0	126
58	10110	0	126
0	10491	0	127
1	10454	0	127
2	10400	0	127
3	10364	0	127
4	10350	0	127
5	10334	0	127
6	10326	0	127
32	10312	0	127
33	10298	0	127
35	10285	0	127
36	10272	0	127
39	10255	0	127
40	10240	0	127
41	10232	0	127
42	10218	0	127
43	10208	0	127
44	10200	0	127
45	10190	0	127
46	10190	0	127
47	10190	0	127
85	10184	0	127
86	10168	0	127
87	10166	0	127
88	10158	0	127
89	10156	0	127
90	10155	0	127
91	10152	0	127
94	10150	0	127
95	10140	0	127
96	10136	0	127
97	10134	0	127
98	10128	0	127
99	10122	0	127
100	10112	0	127
0	10374	0	128
1	10354	0	128
2	10335	0	128
3	10328	0	128
4	10322	0	128
8	10320	0	128
9	10304	0	128
10	10292	0	128
15	10280	0	128
16	10274	0	128
33	10262	0	128
34	10260	0	128
36	10260	0	128
52	10256	0	128
53	10244	0	128
54	10228	0	128
58	10218	0	128
67	10210	0	128
68	10200	0	128
69	10186	0	128
70	10174	0	128
71	10166	0	128
72	10160	0	128
73	10150	0	128
74	10141	0	128
0	10244	0	129
1	10228	0	129
2	10218	0	129
3	10210	0	129
4	10205	0	129
5	10204	0	129
8	10203	0	129
9	10202	0	129
10	10198	0	129
11	10192	0	129
12	10192	0	129
18	10192	0	129
19	10190	0	129
20	10186	0	129
21	10186	0	129
27	10184	0	129
28	10184	0	129
29	10180	0	129
46	10180	0	129
0	10444	0	130
1	10415	0	130
2	10400	0	130
3	10390	0	130
14	10372	0	130
15	10346	0	130
16	10330	0	130
17	10316	0	130
18	10315	0	130
19	10310	0	130
20	10282	0	130
21	10258	0	130
22	10246	0	130
23	10240	0	130
28	10234	0	130
29	10226	0	130
54	10215	0	130
55	10214	0	130
87	10208	0	130
88	10196	0	130
89	10194	0	130
92	10194	0	130
93	10194	0	130
94	10190	0	130
95	10188	0	130
96	10184	0	130
97	10180	0	130
98	10176	0	130
99	10170	0	130
100	10162	0	130
101	10154	0	130
102	10144	0	130
103	10140	0	130
106	10130	0	130
107	10124	0	130
108	10121	0	130
117	10120	0	130
118	10115	0	130
120	10114	0	130
121	10110	0	130
122	10106	0	130
123	10100	0	130
124	10092	0	130
125	10090	0	130
126	10088	0	130
0	10278	0	131
1	10250	0	131
7	10235	0	131
8	10218	0	131
9	10204	0	131
10	10194	0	131
11	10190	0	131
12	10180	0	131
13	10174	0	131
14	10172	0	131
15	10164	0	131
16	10162	0	131
18	10158	0	131
19	10156	0	131
30	10153	0	131
32	10148	0	131
33	10144	0	131
34	10140	0	131
35	10138	0	131
36	10134	0	131
40	10128	0	131
41	10128	0	131
42	10122	0	131
43	10114	0	131
44	10112	0	131
46	10112	0	131
47	10106	0	131
48	10100	0	131
49	10094	0	131
51	10090	0	131
55	10090	0	131
56	10090	0	131
63	10086	0	131
64	10075	0	131
65	10074	0	131
69	10072	0	131
71	10058	0	131
72	10042	0	131
77	10034	0	131
0	10440	0	132
1	10375	0	132
2	10344	0	132
3	10328	0	132
5	10324	0	132
6	10304	0	132
7	10290	0	132
8	10284	0	132
9	10270	0	132
10	10258	0	132
11	10242	0	132
12	10242	0	132
13	10240	0	132
14	10235	0	132
15	10230	0	132
17	10216	0	132
18	10215	0	132
19	10204	0	132
20	10200	0	132
27	10200	0	132
28	10200	0	132
39	10186	0	132
40	10178	0	132
41	10178	0	132
42	10168	0	132
43	10160	0	132
44	10150	0	132
45	10144	0	132
46	10142	0	132
47	10138	0	132
48	10138	0	132
68	10134	0	132
71	10134	0	132
72	10133	0	132
75	10115	0	132
76	10114	0	132
77	10104	0	132
80	10104	0	132
81	10094	0	132
87	10090	0	132
88	10090	0	132
89	10084	0	132
111	10080	0	132
112	10072	0	132
113	10064	0	132
114	10064	0	132
126	10062	0	132
127	10052	0	132
128	10050	0	132
129	10044	0	132
130	10042	0	132
131	10036	0	132
144	10034	0	132
145	10024	0	132
147	10024	0	132
148	10024	0	132
149	10024	0	132
150	10020	0	132
151	10020	0	132
152	10012	0	132
166.041666666664	10008	0	132
0	10352	0	133
1	10338	0	133
6	10330	0	133
7	10316	0	133
8	10298	0	133
10	10294	0	133
12	10290	0	133
13	10278	0	133
14	10268	0	133
18	10258	0	133
19	10246	0	133
27	10240	0	133
28	10218	0	133
29	10196	0	133
30	10182	0	133
31	10180	0	133
32	10174	0	133
79	10172	0	133
80	10172	0	133
83	10166	0	133
84	10164	0	133
87	10160	0	133
88	10156	0	133
89	10156	0	133
90	10154	0	133
93	10153	0	133
94	10145	0	133
95	10140	0	133
96	10140	0	133
100	10139	0	133
101	10135	0	133
102	10130	0	133
103	10125	0	133
104	10120	0	133
105	10120	0	133
106	10110	0	133
107	10110	0	133
108	10108	0	133
109	10108	0	133
111	10108	0	133
112	10108	0	133
113	10106	0	133
123	10104	0	133
124	10098	0	133
125	10092	0	133
146	10090	0	133
147	10074	0	133
148	10068	0	133
158	10068	0	133
159	10061	0	133
160	10060	0	133
161	10050	0	133
0	10412	0	134
1	10402	0	134
2	10350	0	134
3	10326	0	134
4	10310	0	134
5	10296	0	134
6	10280	0	134
7	10264	0	134
8	10258	0	134
9	10254	0	134
29	10252	0	134
46	10250	0	134
47	10250	0	134
49	10250	0	134
52	10250	0	134
63	10240	0	134
64	10234	0	134
65	10224	0	134
66	10214	0	134
67	10208	0	134
75	10206	0	134
76	10196	0	134
77	10186	0	134
78	10176	0	134
79	10170	0	134
81	10168	0	134
82	10168	0	134
83	10160	0	134
84	10158	0	134
85	10154	0	134
86	10150	0	134
87	10142	0	134
89	10136	0	134
90	10130	0	134
91	10130	0	134
96	10130	0	134
97	10128	0	134
98	10112	0	134
99	10108	0	134
100	10102	0	134
102	10094	0	134
137.041666666664	10088	0	134
140.041666666664	10084	0	134
141.041666666664	10078	0	134
0	10452	0	135
4	10414	0	135
5	10386	0	135
18	10374	0	135
19	10348	0	135
20	10342	0	135
23.9583333333358	10334	0	135
24.9583333333358	10316	0	135
25.9583333333358	10310	0	135
27.9583333333358	10310	0	135
34.9583333333358	10296	0	135
37.9583333333358	10286	0	135
44.9583333333358	10282	0	135
45.9583333333358	10268	0	135
46.9583333333358	10250	0	135
47.9583333333358	10230	0	135
48.9583333333358	10216	0	135
49.9583333333358	10210	0	135
52.9583333333358	10210	0	135
53.9583333333358	10210	0	135
100.958333333336	10206	0	135
117.958333333336	10206	0	135
118.958333333336	10198	0	135
119.958333333336	10198	0	135
120.958333333336	10186	0	135
121.958333333336	10176	0	135
122.958333333336	10172	0	135
126.958333333336	10170	0	135
127.958333333336	10160	0	135
128.958333333336	10160	0	135
133.958333333336	10160	0	135
134.958333333336	10158	0	135
136.958333333336	10158	0	135
137.958333333336	10150	0	135
138.958333333336	10144	0	135
139.958333333336	10144	0	135
146.958333333336	10144	0	135
147.958333333336	10140	0	135
148.958333333336	10140	0	135
155.958333333336	10134	0	135
156.958333333336	10128	0	135
161.958333333336	10128	0	135
162.958333333336	10120	0	135
163.958333333336	10120	0	135
164.958333333336	10118	0	135
165.958333333336	10112	0	135
166.958333333336	10102	0	135
167.958333333336	10100	0	135
168.958333333336	10098	0	135
169.958333333336	10096	0	135
171.958333333336	10096	0	135
172.958333333336	10090	0	135
173.958333333336	10074	0	135
0	10170	0	136
1	10168	0	136
2	10168	0	136
5	10164	0	136
6	10160	0	136
7	10158	0	136
8	10150	0	136
9	10148	0	136
10	10144	0	136
11	10140	0	136
12	10128	0	136
13	10128	0	136
14	10128	0	136
15	10128	0	136
16	10120	0	136
17	10120	0	136
20	10118	0	136
24.9583333333358	10118	0	136
25.9583333333358	10118	0	136
26.9583333333358	10118	0	136
33.9583333333358	10110	0	136
34.9583333333358	10100	0	136
35.9583333333358	10096	0	136
36.9583333333358	10096	0	136
38.9583333333358	10096	0	136
39.9583333333358	10090	0	136
40.9583333333358	10082	0	136
41.9583333333358	10078	0	136
42.9583333333358	10076	0	136
43.9583333333358	10070	0	136
44.9583333333358	10066	0	136
50.9583333333358	10050	0	136
51.9583333333358	10048	0	136
52.9583333333358	10040	0	136
53.9583333333358	10040	0	136
55.9583333333358	10038	0	136
56.9583333333358	10038	0	136
57.9583333333358	10034	0	136
0	10224	0	137
1	10220	0	137
3	10214	0	137
4	10212	0	137
5	10204	0	137
6	10194	0	137
7	10182	0	137
8	10174	0	137
9	10164	0	137
12	10150	0	137
13	10150	0	137
14	10146	0	137
15	10144	0	137
16	10132	0	137
17	10128	0	137
19	10126	0	137
20	10124	0	137
21	10120	0	137
22	10120	0	137
23	10120	0	137
24	10110	0	137
25	10094	0	137
69	10092	0	137
70	10092	0	137
71	10082	0	137
72	10070	0	137
100.041666666664	10054	0	137
101.041666666664	10054	0	137
107.041666666664	10050	0	137
109.041666666664	10050	0	137
115.041666666664	10050	0	137
116.041666666664	10050	0	137
117.041666666664	10044	0	137
0	10430	0	138
1	10386	0	138
2	10370	0	138
3	10360	0	138
4	10356	0	138
8.95833333333576	10330	0	138
9.95833333333576	10310	0	138
10.9583333333358	10286	0	138
11.9583333333358	10270	0	138
12.9583333333358	10268	0	138
13.9583333333358	10260	0	138
14.9583333333358	10230	0	138
15.9583333333358	10230	0	138
52.9583333333358	10224	0	138
70.9583333333358	10224	0	138
71.9583333333358	10220	0	138
72.9583333333358	10218	0	138
73.9583333333358	10218	0	138
93.9583333333358	10214	0	138
94.9583333333358	10210	0	138
95.9583333333358	10210	0	138
114.958333333336	10198	0	138
115.958333333336	10192	0	138
116.958333333336	10192	0	138
125.958333333336	10190	0	138
126.958333333336	10188	0	138
127.958333333336	10162	0	138
128.958333333336	10160	0	138
129.958333333336	10144	0	138
130.958333333336	10124	0	138
154.958333333336	10112	0	138
155.958333333336	10106	0	138
169.958333333336	10094	0	138
170.958333333336	10090	0	138
171.958333333336	10070	0	138
172.958333333336	10070	0	138
174.958333333336	10064	0	138
0	10320	0	139
1	10320	0	139
4	10316	0	139
5	10304	0	139
6	10300	0	139
7	10292	0	139
10	10292	0	139
11	10288	0	139
44.0416666666642	10288	0	139
45.0416666666642	10284	0	139
46.0416666666642	10270	0	139
47.0416666666642	10254	0	139
68.0416666666642	10234	0	139
69.0416666666642	10220	0	139
70.0416666666642	10210	0	139
71.0416666666642	10200	0	139
72.0416666666642	10188	0	139
73.0416666666642	10180	0	139
74.0416666666642	10176	0	139
75.0416666666642	10164	0	139
76.0416666666642	10164	0	139
100.041666666664	10140	0	139
0	10440	0	140
1	10400	0	140
2	10360	0	140
3	10330	0	140
4	10280	0	140
5	10250	0	140
6	10240	0	140
11	10240	0	140
35	10230	0	140
36	10220	0	140
37	10210	0	140
38	10204	0	140
40	10200	0	140
41	10196	0	140
42	10194	0	140
43	10190	0	140
44	10190	0	140
45	10190	0	140
46	10190	0	140
47	10190	0	140
48	10190	0	140
49	10176	0	140
50	10170	0	140
51	10154	0	140
52	10146	0	140
53	10138	0	140
54	10130	0	140
55	10124	0	140
57	10117	0	140
58	10104	0	140
59	10100	0	140
60	10094	0	140
61	10094	0	140
62	10072	0	140
68	10072	0	140
69	10048	0	140
0	10440	0	141
1	10420	0	141
12	10418	0	141
13	10390	0	141
14	10364	0	141
15	10342	0	141
31	10342	0	141
32	10328	0	141
33	10328	0	141
34	10320	0	141
35	10310	0	141
36	10298	0	141
37	10290	0	141
52	10290	0	141
53	10272	0	141
54	10264	0	141
55	10260	0	141
56	10238	0	141
58	10230	0	141
59	10224	0	141
60	10224	0	141
108	10220	0	141
109	10218	0	141
110	10206	0	141
111	10204	0	141
0	10330	0	142
1	10310	0	142
2	10286	0	142
3	10280	0	142
19	10274	0	142
20	10260	0	142
21	10248	0	142
22	10234	0	142
23	10218	0	142
24	10214	0	142
25	10202	0	142
38	10192	0	142
39	10190	0	142
40	10188	0	142
41	10164	0	142
42	10150	0	142
47	10148	0	142
57	10138	0	142
58	10124	0	142
59	10116	0	142
60	10116	0	142
61	10114	0	142
0	10140	0	143
1	10128	0	143
2	10122	0	143
3	10118	0	143
12	10118	0	143
13	10110	0	143
16	10098	0	143
17	10084	0	143
18	10084	0	143
19	10072	0	143
23	10068	0	143
33	10066	0	143
34	10066	0	143
35	10060	0	143
39	10058	0	143
40	10058	0	143
41	10052	0	143
42	10048	0	143
43	10048	0	143
44	10046	0	143
45	10046	0	143
46	10046	0	143
47	10038	0	143
48	10036	0	143
0	10330	0	144
1	10308	0	144
4	10298	0	144
5	10294	0	144
6	10290	0	144
9	10280	0	144
10	10260	0	144
11	10232	0	144
12	10218	0	144
13	10206	0	144
14	10192	0	144
15	10192	0	144
29	10190	0	144
31	10190	0	144
36	10180	0	144
37	10170	0	144
38	10158	0	144
40	10150	0	144
41	10150	0	144
42	10146	0	144
43	10128	0	144
44	10120	0	144
45	10120	0	144
46	10120	0	144
47	10120	0	144
52	10120	0	144
53	10114	0	144
54	10108	0	144
55	10106	0	144
56	10100	0	144
57	10090	0	144
64	10086	0	144
65	10084	0	144
0	10170	0	145
1	10168	0	145
2	10148	0	145
3	10140	0	145
17	10138	0	145
18	10136	0	145
19	10130	0	145
20	10126	0	145
21	10118	0	145
22	10110	0	145
23	10106	0	145
24	10094	0	145
25	10084	0	145
28	10082	0	145
29	10082	0	145
30	10082	0	145
35	10082	0	145
36	10080	0	145
37	10074	0	145
38	10062	0	145
39	10060	0	145
70	10058	0	145
81	10058	0	145
82	10052	0	145
83	10048	0	145
84	10034	0	145
85	10032	0	145
87	10028	0	145
0	10170	0	146
1	10170	0	146
8	10168	0	146
9	10160	0	146
10	10150	0	146
11	10150	0	146
12	10140	0	146
13	10138	0	146
14	10130	0	146
16	10126	0	146
17	10126	0	146
21	10124	0	146
22	10122	0	146
23	10120	0	146
26	10112	0	146
31	10108	0	146
41	10106	0	146
42	10100	0	146
43	10092	0	146
44	10088	0	146
50	10088	0	146
51	10078	0	146
65	10072	0	146
66	10070	0	146
67	10070	0	146
85	10068	0	146
86.0416666666715	10068	0	146
87.0416666666715	10054	0	146
94.0416666666715	10048	0	146
106.041666666672	10048	0	146
107.041666666672	10030	0	146
108.041666666672	10022	0	146
109.041666666672	10022	0	146
110.041666666672	10018	0	146
112.041666666672	10016	0	146
113.041666666672	10016	0	146
114.041666666672	10012	0	146
116.041666666672	10008	0	146
120.041666666672	10006	0	146
0	10378	0	147
1	10328	0	147
2	10304	0	147
3	10296	0	147
4	10292	0	147
5	10274	0	147
6	10272	0	147
11	10264	0	147
12	10264	0	147
13	10260	0	147
14	10260	0	147
15	10258	0	147
16	10256	0	147
17	10250	0	147
18	10238	0	147
19	10234	0	147
20	10232	0	147
21	10224	0	147
22	10222	0	147
23	10218	0	147
24	10200	0	147
25	10194	0	147
26	10194	0	147
27	10184	0	147
28	10176	0	147
29	10170	0	147
30	10162	0	147
37	10160	0	147
38	10160	0	147
39	10160	0	147
41	10156	0	147
42	10150	0	147
43	10144	0	147
44	10136	0	147
45	10136	0	147
46	10132	0	147
47	10132	0	147
50	10122	0	147
51	10122	0	147
53	10122	0	147
54	10122	0	147
55	10116	0	147
57	10106	0	147
58	10096	0	147
59	10096	0	147
60	10096	0	147
61	10096	0	147
62	10082	0	147
72	10082	0	147
0	10484	0	148
1	10420	0	148
2	10382	0	148
3	10372	0	148
27	10356	0	148
28	10344	0	148
29	10334	0	148
30	10322	0	148
31	10304	0	148
32	10300	0	148
33	10298	0	148
34	10280	0	148
35	10256	0	148
36	10240	0	148
37	10226	0	148
38	10224	0	148
42	10224	0	148
43	10216	0	148
49	10216	0	148
50	10212	0	148
60	10204	0	148
61	10200	0	148
65	10200	0	148
66	10196	0	148
68	10196	0	148
69	10180	0	148
70	10176	0	148
71	10170	0	148
72	10170	0	148
93	10170	0	148
94	10170	0	148
95	10166	0	148
96	10160	0	148
104	10160	0	148
105	10154	0	148
106	10152	0	148
107	10146	0	148
108	10138	0	148
109	10136	0	148
110	10134	0	148
120	10130	0	148
129	10128	0	148
141	10126	0	148
142	10110	0	148
153	10108	0	148
155	10100	0	148
156	10100	0	148
157	10094	0	148
158	10088	0	148
159	10088	0	148
160	10080	0	148
161	10072	0	148
164	10070	0	148
176	10070	0	148
177	10064	0	148
183	10050	0	148
184	10040	0	148
185	10040	0	148
186	10040	0	148
187	10040	0	148
188	10040	0	148
189	10036	0	148
190	10032	0	148
191	10024	0	148
197	10016	0	148
213	10016	0	148
226	10012	0	148
0	10352	0	149
1	10342	0	149
2	10308	0	149
3	10280	0	149
4	10260	0	149
7	10260	0	149
16	10250	0	149
17	10242	0	149
28	10224	0	149
29	10210	0	149
45	10208	0	149
46	10200	0	149
95	10198	0	149
96	10190	0	149
99	10190	0	149
100	10180	0	149
128	10172	0	149
129	10170	0	149
130	10144	0	149
0	10168	0	150
1	10160	0	150
2	10150	0	150
3	10140	0	150
4	10136	0	150
5	10134	0	150
27	10132	0	150
28	10125	0	150
29	10110	0	150
31	10106	0	150
32	10106	0	150
33	10098	0	150
34	10092	0	150
35	10092	0	150
36	10086	0	150
37	10084	0	150
39	10076	0	150
40	10070	0	150
41	10060	0	150
42	10058	0	150
48	10044	0	150
49	10044	0	150
62	10026	0	150
90	10022	0	150
91	10018	0	150
133	10008	0	150
146	10008	0	150
147	10000	0	150
0	10330	0	151
1	10270	0	151
2	10264	0	151
11	10224	0	151
27	10224	0	151
28	10210	0	151
29	10190	0	151
30	10180	0	151
34	10180	0	151
35	10178	0	151
36	10160	0	151
37	10150	0	151
38	10142	0	151
39	10140	0	151
40	10140	0	151
55	10132	0	151
56	10122	0	151
57	10110	0	151
0	10234	0	152
1	10230	0	152
2	10224	0	152
6	10224	0	152
7	10218	0	152
8	10215	0	152
9	10206	0	152
21	10202	0	152
22	10190	0	152
23	10178	0	152
24	10170	0	152
25	10170	0	152
26	10170	0	152
27	10168	0	152
28	10165	0	152
29	10162	0	152
30	10157	0	152
32	10155	0	152
33	10154	0	152
34	10152	0	152
35	10150	0	152
36	10146	0	152
37	10135	0	152
38	10134	0	152
39	10130	0	152
40	10128	0	152
41	10126	0	152
42	10126	0	152
43	10124	0	152
44	10116	0	152
45	10115	0	152
46	10110	0	152
49	10110	0	152
50	10108	0	152
51	10104	0	152
52	10094	0	152
53	10090	0	152
66	10088	0	152
67	10085	0	152
68	10082	0	152
69	10080	0	152
70	10080	0	152
71	10075	0	152
72	10070	0	152
73	10060	0	152
74	10055	0	152
81	10055	0	152
82	10055	0	152
130	10054	0	152
141	10054	0	152
142	10040	0	152
143	10034	0	152
144	10030	0	152
150	10018	0	152
0	10470	0	153
1	10394	0	153
3	10392	0	153
4	10380	0	153
5	10356	0	153
6	10356	0	153
7	10354	0	153
8	10348	0	153
9	10344	0	153
28	10330	0	153
29	10324	0	153
30	10316	0	153
31	10305	0	153
32	10300	0	153
33	10300	0	153
37	10300	0	153
38	10280	0	153
39	10270	0	153
40	10264	0	153
42	10260	0	153
43	10258	0	153
55	10258	0	153
56	10245	0	153
57	10238	0	153
58	10226	0	153
59	10224	0	153
60	10222	0	153
61	10202	0	153
65	10202	0	153
69	10202	0	153
70	10202	0	153
81	10198	0	153
82	10178	0	153
93	10172	0	153
97	10165	0	153
101	10162	0	153
102	10155	0	153
103	10145	0	153
104	10130	0	153
105	10125	0	153
107	10122	0	153
110	10110	0	153
111	10106	0	153
112	10092	0	153
113	10090	0	153
115	10086	0	153
116	10082	0	153
132	10064	0	153
133	10060	0	153
135	10060	0	153
0	10430	0	154
1	10370	0	154
2	10337	0	154
3	10310	0	154
4	10285	0	154
5	10284	0	154
6	10279	0	154
7	10265	0	154
8	10257	0	154
9	10244	0	154
10	10243	0	154
11	10243	0	154
12	10243	0	154
13	10240	0	154
14	10240	0	154
15	10227	0	154
16	10206	0	154
17	10194	0	154
18	10182	0	154
19	10180	0	154
20	10178	0	154
46	10178	0	154
48	10177	0	154
49	10170	0	154
51	10166	0	154
53	10165	0	154
54	10160	0	154
56	10151	0	154
60	10150	0	154
61	10146	0	154
62	10142	0	154
65	10130	0	154
66	10130	0	154
67	10126	0	154
68	10120	0	154
69	10114	0	154
70	10112	0	154
73	10103	0	154
76	10100	0	154
77	10100	0	154
78	10100	0	154
79	10100	0	154
80	10100	0	154
81	10090	0	154
82	10066	0	154
83	10059	0	154
0	10320	0	155
22	10315	0	155
23	10312	0	155
24	10300	0	155
30	10296	0	155
48	10270	0	155
49	10270	0	155
73	10270	0	155
74	10264	0	155
75	10242	0	155
76	10220	0	155
77	10220	0	155
78	10200	0	155
79	10190	0	155
80	10162	0	155
81	10158	0	155
82	10150	0	155
83	10145	0	155
84	10138	0	155
85	10132	0	155
86	10130	0	155
87	10115	0	155
88	10110	0	155
90	10110	0	155
91	10110	0	155
92	10102	0	155
93	10090	0	155
94	10090	0	155
0	10322	0	156
1	10305	0	156
2	10284	0	156
15	10263	0	156
16	10260	0	156
28	10255	0	156
29	10248	0	156
30	10240	0	156
31	10225	0	156
33	10214	0	156
34	10208	0	156
35	10206	0	156
44	10200	0	156
45	10198	0	156
46	10183	0	156
47	10180	0	156
48	10178	0	156
49	10168	0	156
50	10158	0	156
51	10152	0	156
54	10142	0	156
55	10108	0	156
60	10108	0	156
62	10092	0	156
66	10070	0	156
78	10070	0	156
79	10054	0	156
80	10052	0	156
81	10050	0	156
84	10048	0	156
85	10045	0	156
86	10025	0	156
87	10025	0	156
0	10370	0	157
1	10322	0	157
2	10285	0	157
3	10260	0	157
4	10235	0	157
5	10220	0	157
6	10215	0	157
7	10193	0	157
8	10182	0	157
9	10178	0	157
11	10175	0	157
15	10164	0	157
16	10160	0	157
18	10160	0	157
22	10140	0	157
35	10135	0	157
39	10135	0	157
44	10120	0	157
55	10120	0	157
60	10100	0	157
61	10090	0	157
62	10090	0	157
63	10065	0	157
66	10065	0	157
67	10065	0	157
68	10060	0	157
69	10058	0	157
70	10052	0	157
71	10042	0	157
73	10042	0	157
75	10042	0	157
0	10426	0	158
1	10409	0	158
2	10359	0	158
3	10314	0	158
4	10304	0	158
5	10289	0	158
6	10287	0	158
13	10287	0	158
14	10287	0	158
15	10286	0	158
16	10277	0	158
17	10268	0	158
18	10252	0	158
20	10230	0	158
21	10227	0	158
22	10227	0	158
23	10226	0	158
24	10224	0	158
25	10224	0	158
26	10218	0	158
27	10207	0	158
28	10202	0	158
29	10186	0	158
34	10186	0	158
35	10175	0	158
38	10172	0	158
44	10168	0	158
46	10168	0	158
49	10164	0	158
50	10161	0	158
52	10159	0	158
53	10152	0	158
55	10147	0	158
56	10134	0	158
57	10124	0	158
58	10124	0	158
59	10106	0	158
60	10077	0	158
67	10077	0	158
81	10075	0	158
108	10056	0	158
114	10055	0	158
115	10046	0	158
116	10044	0	158
120	10036	0	158
121	10034	0	158
126	10034	0	158
127	10031	0	158
0	10305	0	159
1	10298	0	159
10	10298	0	159
11	10296	0	159
12	10293	0	159
19	10292	0	159
20	10270	0	159
21	10250	0	159
22	10240	0	159
23	10225	0	159
24	10224	0	159
25	10218	0	159
26	10204	0	159
27	10204	0	159
28	10200	0	159
29	10190	0	159
30	10175	0	159
31	10165	0	159
33	10160	0	159
34	10135	0	159
36	10122	0	159
55	10118	0	159
56	10098	0	159
76	10073	0	159
77	10062	0	159
84	10052	0	159
85	10035	0	159
86	10030	0	159
87	10030	0	159
89	10028	0	159
90	10010	0	159
125	10000	0	159
144	9997	0	159
145	9995	0	159
0	10328	0	160
2	10312	0	160
9	10300	0	160
23	10300	0	160
24	10278	0	160
25	10255	0	160
26	10246	0	160
27	10235	0	160
28	10225	0	160
29	10208	0	160
30	10192	0	160
75	10190	0	160
124	10188	0	160
125	10178	0	160
126	10178	0	160
159	10172	0	160
161	10165	0	160
162	10160	0	160
167	10158	0	160
170	10158	0	160
171	10158	0	160
172	10140	0	160
173	10130	0	160
176	10128	0	160
177	10110	0	160
180	10095	0	160
187	10080	0	160
0	10408	0	161
1	10370	0	161
3	10365	0	161
4	10332	0	161
6	10322	0	161
7	10310	0	161
8	10270	0	161
9	10255	0	161
10	10235	0	161
11	10220	0	161
15	10215	0	161
16	10195	0	161
17	10180	0	161
18	10160	0	161
32	10160	0	161
43	10160	0	161
45	10115	0	161
81	10115	0	161
84	10112	0	161
85	10108	0	161
87	10108	0	161
88	10095	0	161
89	10090	0	161
94	10078	0	161
95	10050	0	161
96	10050	0	161
97	10040	0	161
98	10032	0	161
99	10032	0	161
100	10028	0	161
134	10028	0	161
135	10028	0	161
137	10025	0	161
144	10020	0	161
147	10019	0	161
148	10018	0	161
158	10000	0	161
0	10612	0	162
1	10545	0	162
4	10525	0	162
5	10480	0	162
6	10460	0	162
7	10440	0	162
13	10435	0	162
14	10415	0	162
15	10405	0	162
20	10385	0	162
21	10380	0	162
22	10380	0	162
31	10375	0	162
32	10358	0	162
33	10355	0	162
34	10350	0	162
35	10335	0	162
36	10320	0	162
37	10298	0	162
38	10280	0	162
39	10270	0	162
46	10270	0	162
47	10270	0	162
48	10260	0	162
49	10240	0	162
50	10235	0	162
59	10228	0	162
60	10215	0	162
86	10205	0	162
87	10204	0	162
135	10197	0	162
136	10195	0	162
137	10195	0	162
138	10190	0	162
139	10190	0	162
143	10183	0	162
145	10180	0	162
146	10175	0	162
147	10170	0	162
148	10160	0	162
149	10152	0	162
150	10140	0	162
0	10400	0	163
1	10358	0	163
10	10348	0	163
11	10335	0	163
12	10332	0	163
13	10318	0	163
14	10287	0	163
27	10270	0	163
28	10252	0	163
29	10237	0	163
30	10220	0	163
54	10210	0	163
55	10195	0	163
56	10190	0	163
57	10175	0	163
58	10168	0	163
70	10143	0	163
71	10126	0	163
95	10114	0	163
96	10114	0	163
97	10088	0	163
98	10078	0	163
108	10072	0	163
109	10069	0	163
120	10025	0	163
148	10025	0	163
154	10012	0	163
174	10012	0	163
175	9996	0	163
0	10432	0	164
1	10349	0	164
2	10312	0	164
3	10304	0	164
17	10297	0	164
25	10292	0	164
26	10283	0	164
28	10275	0	164
29	10275	0	164
31	10249	0	164
32	10241	0	164
35	10240	0	164
36	10228	0	164
44	10224	0	164
46	10200	0	164
47	10192	0	164
49	10178	0	164
52	10178	0	164
53	10170	0	164
54	10170	0	164
55	10158	0	164
56	10158	0	164
0	10505	0	165
1	10462	0	165
2	10415	0	165
3	10374	0	165
4	10342	0	165
9	10336	0	165
10	10310	0	165
11	10300	0	165
12	10280	0	165
13	10266	0	165
14	10248	0	165
15	10228	0	165
16	10225	0	165
17	10220	0	165
19	10211	0	165
35	10202	0	165
36	10190	0	165
37	10178	0	165
38	10168	0	165
51	10159	0	165
52	10132	0	165
65	10124	0	165
73	10124	0	165
75	10106	0	165
79	10102	0	165
89	10090	0	165
94	10090	0	165
95	10064	0	165
98	10062	0	165
99	10056	0	165
107	10048	0	165
108	10044	0	165
109	10035	0	165
110	10024	0	165
129	10009	0	165
0	10222	0	166
1	10220	0	166
2	10210	0	166
3	10200	0	166
25	10200	0	166
26	10194	0	166
28	10194	0	166
29	10190	0	166
33	10128	0	166
34	10125	0	166
64	10124	0	166
66	10092	0	166
0	10312	0	167
1	10290	0	167
2	10268	0	167
3	10220	0	167
18	10210	0	167
20	10205	0	167
21	10204	0	167
22	10195	0	167
44	10194	0	167
45	10176	0	167
49	10174	0	167
50	10172	0	167
51	10166	0	167
52	10158	0	167
72	10154	0	167
73	10130	0	167
75	10113	0	167
76	10105	0	167
79	10093	0	167
101	10092	0	167
108	10052	0	167
116	10035	0	167
136	10025	0	167
137	10025	0	167
142	10025	0	167
0	10360	0	168
1	10316	0	168
2	10298	0	168
21	10284	0	168
22	10265	0	168
23	10240	0	168
24	10220	0	168
25	10215	0	168
29	10215	0	168
30	10205	0	168
31	10185	0	168
39	10176	0	168
40	10176	0	168
41	10176	0	168
43	10163	0	168
44	10148	0	168
60	10145	0	168
63	10140	0	168
64	10124	0	168
