0.373
0.372
0.365
0.364
0.352
0.351
0.347
0.352
0.35
0.345
0.319
0.322
0.312
0.316
0.315
0.323
0.34
0.365
0.374
0.368
0.372
0.345
0.334
0.317
0.305
0.295
0.28
0.27
0.259
0.253
0.246
0.236
0.224
0.213
0.211
0.198
0.198
0.18
0.178
0.16
0.161
0.156
0.156
0.145
0.131
0.122
0.111
0.106
0.107
0.089
0.06
0.05
0.021
0.021
0.01
0.003
-0.008
-0.009
-0.015
-0.023
-0.034
-0.059
-0.065
-0.078
-0.104
-0.156
-0.198
-0.21
-0.223
-0.253
-0.259
-0.311
-0.322
-0.333
-0.34
-0.356
-0.382
-0.376
-0.32
-0.31
-0.309
-0.311
-0.327
-0.344
-0.364
-0.367
-0.371
-0.378
-0.378
-0.379
-0.387
-0.397
-0.402
-0.399
-0.405
-0.41
-0.403
-0.387
-0.375
-0.309
-0.3
-0.273
-0.266
-0.25
-0.23
-0.154
-0.056
-0.016
0.021
0.047
0.078
0.182
0.21
0.231
0.246
0.255
0.263
0.256
0.237
0.167
0.142
0.133
0.109
0.074
0.052
0.031
0.003
-0.003
-0.019
-0.033
-0.049
-0.068
-0.07
-0.078
-0.085
-0.085
-0.099
-0.102
-0.11
-0.108
-0.11
-0.118
-0.122
-0.129
-0.13
-0.137
-0.143
-0.148
-0.148
-0.155
-0.154
-0.163
-0.169
-0.177
-0.181
-0.189
-0.197
-0.202
-0.199
-0.204
-0.202
-0.206
-0.204
-0.211
-0.208
-0.211
-0.217
-0.222
-0.22
-0.223
-0.218
-0.219
-0.207
-0.206
-0.21
-0.209
-0.22
-0.227
-0.235
-0.236
-0.221
-0.179
-0.177
-0.189
-0.187
-0.176
-0.166
-0.12
-0.097
-0.068
-0.023
-0.016
-0.02
-0.019
-0.006
-0.003
0.009
0.013
0.011
-0.014
-0.023
-0.045
-0.063
-0.065
-0.058
-0.059
-0.046
-0.04
-0.04
-0.026
-0.007
0.032
0.046
0.046
0.037
0.033
0.034
0.027
0.028
0.022
0.029
0.036
0.036
0.046
0.052
0.073
0.114
0.174
0.254
0.277
0.296
0.304
0.307
0.317
0.328
0.333
0.328
0.338
0.33
0.349
0.347
0.351
0.349
0.337
0.33
0.325
0.313
0.317
0.307
0.304
0.295
0.292
0.284
0.282
0.269
0.267
0.257
0.26
0.254
0.252
0.243
0.245
0.24
0.244
0.238
0.242
0.242
0.245
0.252
0.254
0.265
0.271
0.266
0.261
0.264
0.26
0.265
0.262
0.252
0.25
0.243
0.244
0.232
0.236
0.232
0.232
0.222
0.222
0.214
0.213
0.204
0.21
0.198
0.199
0.191
0.194
0.186
0.187
0.182
0.186
0.181
0.184
0.182
0.191
0.191
0.183
0.183
0.18
0.189
0.186
0.192
0.204
0.22
0.241
0.271
0.279
0.291
0.324
0.326
0.343
0.346
0.341
0.334
0.331
0.321
0.328
0.319
0.32
0.311
0.309
0.301
0.301
0.288
0.291
0.282
0.281
0.269
0.269
0.262
0.265
0.259
0.259
0.263
0.25
0.247
0.247
0.24
0.243
0.231
0.231
0.222
0.224
0.218
0.216
0.22
0.208
0.209
0.2
0.206
0.196
0.198
0.187
0.185
0.174
0.172
0.167
0.165
0.162
0.157
0.159
0.153
0.153
0.141
0.143
0.139
0.13
0.133
0.126
0.123
0.126
0.115
0.112
0.115
0.11
0.11
0.102
0.1
0.094
0.096
0.091
0.092
0.077
0.074
0.06
0.061
0.055
0.057
0.048
0.052
0.039
0.039
0.012
0.007
-0.004
-0.009
-0.019
-0.015
-0.017
-0.021
-0.028
-0.032
-0.03
-0.037
-0.033
-0.039
-0.047
-0.053
-0.056
-0.055
-0.06
-0.073
-0.081
-0.088
-0.098
-0.1
-0.105
-0.106
-0.111
-0.11
-0.115
-0.117
-0.128
-0.126
-0.137
-0.136
-0.145
-0.148
-0.163
-0.165
-0.169
-0.169
-0.194
-0.192
-0.214
-0.214
-0.218
-0.218
-0.222
-0.219
-0.224
-0.222
-0.234
-0.231
-0.245
-0.251
-0.265
-0.265
-0.275
-0.28
-0.278
-0.295
-0.295
-0.305
-0.304
-0.301
-0.286
-0.261
-0.253
-0.245
-0.242
-0.234
-0.258
-0.261
-0.274
-0.29
-0.3
-0.322
-0.333
-0.332
-0.34
-0.348
-0.356
-0.367
-0.374
-0.384
-0.389
-0.398
-0.404
-0.4
-0.376
-0.364
-0.315
-0.273
-0.25
-0.235
-0.192
-0.17
-0.142
-0.105
-0.061
-0.009
0.052
0.15
0.208
0.256
0.293
0.307
0.325
0.335
0.339
0.335
0.311
0.261
0.222
0.148
0.118
0.106
0.048
0.01
-0.023
-0.039
-0.06
-0.087
-0.12
-0.137
-0.132
-0.145
-0.141
-0.14
-0.151
-0.138
-0.157
-0.199
-0.212
-0.229
-0.246
-0.261
-0.271
-0.291
-0.29
-0.256
-0.284
-0.31
-0.301
-0.276
-0.271
-0.283
-0.299
-0.306
-0.315
-0.313
-0.294
-0.29
-0.236
-0.266
-0.282
-0.303
-0.295
-0.308
-0.29
-0.303
-0.294
-0.307
-0.32
-0.338
-0.342
-0.358
-0.358
-0.375
-0.374
-0.385
-0.383
-0.347
-0.271
-0.225
-0.162
-0.145
-0.047
-0.039
-0.052
-0.092
-0.126
-0.158
-0.207
-0.198
-0.229
-0.23
-0.255
-0.258
-0.281
-0.288
-0.305
-0.298
-0.276
-0.276
-0.267
-0.236
-0.138
-0.114
-0.104
-0.095
-0.104
-0.164
-0.196
-0.251
-0.243
-0.254
-0.271
-0.295
-0.296
-0.311
-0.296
-0.323
-0.319
-0.298
-0.3
-0.272
-0.269
-0.298
-0.311
-0.322
-0.329
-0.351
-0.354
-0.377
-0.377
-0.399
-0.397
-0.412
-0.404
-0.411
-0.408
-0.4
-0.374
-0.358
-0.343
-0.33
-0.276
-0.284
-0.268
-0.295
-0.278
-0.313
-0.313
-0.299
-0.251
-0.251
-0.241
-0.246
-0.219
-0.264
-0.286
-0.265
-0.234
-0.249
-0.229
-0.229
-0.21
-0.243
-0.253
-0.275
-0.268
-0.241
-0.238
-0.247
-0.267
-0.28
-0.298
-0.299
-0.292
-0.303
-0.304
-0.298
-0.317
-0.322
-0.335
-0.335
-0.319
-0.334
-0.349
-0.338
-0.349
-0.339
-0.347
-0.335
-0.338
-0.326
-0.294
-0.239
-0.212
-0.169
-0.088
-0.006
0.03
0.052
0.048
0.031
0.023
0.004
-0.042
-0.045
-0.08
-0.139
-0.164
-0.151
-0.164
-0.187
-0.201
-0.231
-0.243
-0.256
-0.241
-0.247
-0.238
-0.253
-0.261
-0.282
-0.286
-0.309
-0.31
-0.296
-0.301
-0.274
-0.273
-0.251
-0.181
-0.15
-0.063
-0.045
-0.04
-0.106
-0.138
-0.186
-0.216
-0.235
-0.23
-0.244
-0.241
-0.204
-0.187
-0.121
-0.113
-0.11
-0.157
-0.166
-0.175
-0.189
-0.208
-0.234
-0.242
-0.263
-0.267
-0.275
-0.269
-0.27
-0.294
-0.301
-0.32
-0.332
-0.343
-0.356
-0.358
-0.378
-0.383
-0.404
-0.41
-0.402
-0.403
-0.424
-0.424
-0.443
-0.444
-0.459
-0.458
-0.474
-0.472
-0.487
-0.484
-0.497
-0.497
-0.51
-0.509
-0.524
-0.518
-0.537
-0.529
-0.528
-0.526
-0.546
-0.542
-0.535
-0.544
-0.556
-0.544
-0.56
-0.55
-0.558
-0.53
-0.519
-0.471
-0.459
-0.489
-0.525
-0.546
-0.548
-0.557
-0.555
-0.561
-0.564
-0.565
-0.556
-0.557
-0.562
-0.56
-0.567
-0.563
-0.571
-0.568
-0.581
-0.573
-0.586
-0.58
-0.592
-0.584
-0.596
-0.59
-0.596
-0.593
-0.601
-0.595
-0.603
-0.596
-0.606
-0.605
-0.614
-0.614
-0.618
-0.621
-0.614
-0.621
-0.609
-0.616
-0.614
-0.605
-0.609
-0.619
-0.607
-0.588
-0.586
-0.559
-0.575
-0.595
-0.612
-0.611
-0.615
-0.615
-0.62
-0.612
-0.62
-0.616
-0.627
-0.619
-0.622
-0.626
-0.637
-0.63
-0.629
-0.632
-0.641
-0.642
-0.632
-0.633
-0.612
-0.604
-0.622
-0.63
-0.631
-0.618
-0.636
-0.632
-0.632
-0.637
-0.643
-0.637
-0.644
-0.641
-0.619
-0.617
-0.624
-0.618
-0.633
-0.628
-0.636
-0.637
-0.64
-0.639
-0.644
-0.649
-0.645
-0.648
-0.643
-0.647
-0.647
-0.65
-0.646
-0.645
-0.65
-0.648
-0.651
-0.659
-0.652
-0.652
-0.656
-0.652
-0.651
-0.655
-0.655
-0.662
-0.665
-0.659
-0.666
-0.663
-0.67
-0.664
-0.671
-0.666
-0.653
-0.655
-0.651
-0.642
-0.62
-0.615
-0.622
-0.641
-0.642
-0.626
-0.609
-0.606
-0.609
-0.63
-0.63
-0.643
-0.642
-0.651
-0.649
-0.655
-0.653
-0.658
-0.658
-0.655
-0.661
-0.654
-0.664
-0.66
-0.655
-0.642
-0.627
-0.616
-0.586
-0.566
-0.543
-0.514
-0.48
-0.402
-0.36
-0.313
-0.256
-0.055
-0.005
0.025
0.074
0.027
0.01
-0.031
-0.048
-0.059
-0.062
-0.057
-0.044
-0.011
0
0.004
0.001
-0.006
-0.059
-0.085
-0.187
-0.219
-0.251
-0.297
-0.324
-0.354
-0.402
-0.41
-0.416
-0.412
-0.422
-0.461
-0.481
-0.542
-0.549
-0.549
-0.556
-0.572
-0.582
-0.591
-0.59
-0.595
-0.601
-0.604
-0.608
-0.605
-0.607
-0.605
-0.611
-0.607
-0.607
-0.61
-0.617
-0.601
-0.599
-0.593
-0.596
-0.592
-0.595
-0.592
-0.559
-0.556
-0.571
-0.568
-0.569
-0.579
-0.588
-0.587
-0.603
-0.601
-0.606
-0.615
-0.611
-0.616
-0.614
-0.619
-0.618
-0.625
-0.617
-0.622
-0.619
-0.621
-0.62
-0.606
-0.6
-0.581
-0.565
-0.562
-0.585
-0.59
-0.597
-0.605
-0.611
-0.609
-0.616
-0.616
-0.62
-0.618
-0.622
-0.624
-0.63
-0.634
-0.631
-0.632
-0.633
-0.638
-0.641
-0.636
-0.638
-0.646
-0.642
-0.644
-0.635
-0.641
-0.647
-0.642
-0.648
-0.643
-0.642
-0.637
-0.637
-0.644
-0.642
-0.647
-0.644
-0.646
-0.653
-0.651
-0.654
-0.652
-0.657
-0.654
-0.66
-0.657
-0.664
-0.659
-0.666
-0.662
-0.665
-0.664
-0.671
-0.667
-0.671
-0.673
-0.67
-0.675
-0.672
-0.674
-0.674
-0.671
-0.67
-0.665
-0.67
-0.67
-0.674
-0.671
-0.672
-0.666
-0.668
-0.674
-0.671
-0.672
-0.666
-0.675
-0.673
-0.666
-0.671
-0.668
-0.668
-0.661
-0.671
-0.674
-0.673
-0.678
-0.675
-0.667
-0.672
-0.669
-0.674
-0.672
-0.674
-0.673
-0.662
-0.659
-0.665
-0.669
-0.671
-0.668
-0.67
-0.667
-0.665
-0.669
-0.68
-0.674
-0.67
-0.671
-0.668
-0.67
-0.666
-0.666
-0.669
-0.673
-0.676
-0.67
-0.672
-0.669
-0.668
-0.673
-0.679
-0.677
-0.681
-0.677
-0.68
-0.675
-0.677
-0.672
-0.682
-0.679
-0.677
-0.68
-0.677
-0.68
-0.677
-0.678
-0.672
-0.673
-0.682
-0.682
-0.678
-0.681
-0.678
-0.68
-0.678
-0.68
-0.677
-0.68
-0.677
-0.679
-0.676
-0.678
-0.681
-0.68
-0.684
-0.682
-0.682
-0.679
-0.678
-0.675
-0.677
-0.675
-0.678
-0.681
-0.683
-0.679
-0.681
-0.678
-0.674
-0.675
-0.679
-0.68
-0.68
-0.677
-0.683
-0.683
-0.68
-0.681
-0.677
-0.68
-0.676
-0.677
-0.674
-0.678
-0.684
-0.681
-0.678
-0.68
-0.674
-0.683
-0.68
-0.681
-0.677
-0.679
-0.676
-0.675
-0.676
-0.683
-0.684
-0.679
-0.682
-0.679
-0.681
-0.674
-0.678
-0.682
-0.685
-0.682
-0.685
-0.681
-0.683
-0.68
-0.681
-0.679
-0.681
-0.675
-0.676
-0.679
-0.678
-0.682
-0.682
-0.686
-0.683
-0.685
-0.681
-0.684
-0.679
-0.686
-0.681
-0.686
-0.684
-0.69
-0.694
-0.691
-0.692
-0.689
-0.691
-0.689
-0.693
-0.688
-0.687
-0.682
-0.686
